#Coor		Free		+/-		Prob		+/-
-179.375000	0.760770	0.078108	0.021929	0.002899
-178.125000	0.960978	0.107084	0.015627	0.002832
-176.875000	0.905662	0.086142	0.017161	0.002502
-175.625000	0.936196	0.084983	0.016296	0.002344
-174.375000	1.042402	0.075324	0.013616	0.001736
-173.125000	1.157778	0.092364	0.011201	0.001751
-171.875000	1.339017	0.096542	0.008242	0.001347
-170.625000	1.468580	0.090411	0.006619	0.001013
-169.375000	1.645275	0.104784	0.004908	0.000870
-168.125000	1.988923	0.108879	0.002744	0.000506
-166.875000	2.042744	0.100157	0.002505	0.000425
-165.625000	2.136985	0.085076	0.002136	0.000308
-164.375000	2.317756	0.085430	0.001573	0.000227
-163.125000	2.466085	0.084518	0.001224	0.000175
-161.875000	2.928456	0.098472	0.000560	0.000093
-160.625000	2.991872	0.098741	0.000503	0.000084
-159.375000	3.140540	0.092001	0.000391	0.000061
-158.125000	3.672045	0.118196	0.000159	0.000032
-156.875000	3.710658	0.125182	0.000149	0.000032
-155.625000	4.102945	0.139516	0.000077	0.000018
-154.375000	4.060073	0.133189	0.000082	0.000019
-153.125000	4.643796	0.176699	0.000031	0.000009
-151.875000	4.520451	0.142919	0.000038	0.000009
-150.625000	4.590868	0.111965	0.000034	0.000006
-149.375000	5.295105	0.180602	0.000010	0.000003
-148.125000	5.049331	0.139980	0.000015	0.000004
-146.875000	5.238860	0.124916	0.000011	0.000002
-145.625000	5.613757	0.122339	0.000006	0.000001
-144.375000	5.858705	0.135128	0.000004	0.000001
-143.125000	5.989746	0.145032	0.000003	0.000001
-141.875000	6.264220	0.123686	0.000002	0.000000
-140.625000	6.517189	0.139526	0.000001	0.000000
-139.375000	6.712243	0.131309	0.000001	0.000000
-138.125000	6.841285	0.151045	0.000001	0.000000
-136.875000	6.781901	0.132163	0.000001	0.000000
-135.625000	7.015809	0.118675	0.000001	0.000000
-134.375000	7.188968	0.145913	0.000000	0.000000
-133.125000	7.176627	0.166707	0.000000	0.000000
-131.875000	7.264745	0.156997	0.000000	0.000000
-130.625000	7.242934	0.162829	0.000000	0.000000
-129.375000	7.591305	0.229414	0.000000	0.000000
-128.125000	7.385229	0.161899	0.000000	0.000000
-126.875000	7.780930	0.228469	0.000000	0.000000
-125.625000	7.490636	0.164391	0.000000	0.000000
-124.375000	7.696546	0.186227	0.000000	0.000000
-123.125000	7.479658	0.175811	0.000000	0.000000
-121.875000	7.441513	0.152533	0.000000	0.000000
-120.625000	7.511828	0.183296	0.000000	0.000000
-119.375000	7.338190	0.165278	0.000000	0.000000
-118.125000	7.201493	0.185759	0.000000	0.000000
-116.875000	7.488853	0.205397	0.000000	0.000000
-115.625000	7.335790	0.157785	0.000000	0.000000
-114.375000	7.241262	0.183776	0.000000	0.000000
-113.125000	7.110147	0.157247	0.000000	0.000000
-111.875000	6.894982	0.170884	0.000001	0.000000
-110.625000	7.204242	0.180581	0.000000	0.000000
-109.375000	6.665649	0.154356	0.000001	0.000000
-108.125000	6.708646	0.177162	0.000001	0.000000
-106.875000	6.363091	0.141956	0.000002	0.000000
-105.625000	6.101912	0.165073	0.000003	0.000001
-104.375000	5.971464	0.168162	0.000003	0.000001
-103.125000	5.724216	0.159730	0.000005	0.000001
-101.875000	5.481869	0.155486	0.000007	0.000002
-100.625000	5.341882	0.153561	0.000009	0.000002
-99.375000	5.062059	0.160838	0.000015	0.000004
-98.125000	4.867043	0.155354	0.000021	0.000006
-96.875000	4.708844	0.144566	0.000028	0.000007
-95.625000	4.475738	0.147799	0.000041	0.000010
-94.375000	4.271228	0.165506	0.000058	0.000016
-93.125000	4.074927	0.144115	0.000080	0.000020
-91.875000	3.788091	0.152818	0.000131	0.000034
-90.625000	3.616276	0.155168	0.000175	0.000046
-89.375000	3.280639	0.154463	0.000308	0.000081
-88.125000	3.142707	0.138822	0.000389	0.000091
-86.875000	3.047952	0.159544	0.000457	0.000123
-85.625000	2.687561	0.149974	0.000841	0.000214
-84.375000	2.653205	0.149111	0.000892	0.000225
-83.125000	2.428245	0.157023	0.001305	0.000347
-81.875000	2.426227	0.172139	0.001309	0.000381
-80.625000	2.304867	0.164247	0.001608	0.000447
-79.375000	2.036423	0.166568	0.002532	0.000714
-78.125000	2.065192	0.171692	0.002412	0.000701
-76.875000	1.946021	0.181185	0.002951	0.000905
-75.625000	1.801070	0.171554	0.003771	0.001095
-74.375000	1.748180	0.175521	0.004124	0.001225
-73.125000	1.649479	0.183558	0.004874	0.001514
-71.875000	1.675184	0.210898	0.004666	0.001665
-70.625000	1.437413	0.169338	0.006978	0.002000
-69.375000	1.462336	0.184038	0.006690	0.002083
-68.125000	1.424127	0.156896	0.007136	0.001895
-66.875000	1.381679	0.151704	0.007668	0.001969
-65.625000	1.344937	0.168524	0.008160	0.002327
-64.375000	1.586665	0.184316	0.005420	0.001691
-63.125000	1.568668	0.184038	0.005588	0.001740
-61.875000	1.455076	0.141936	0.006772	0.001627
-60.625000	1.709924	0.166669	0.004400	0.001241
-59.375000	1.533522	0.152655	0.005930	0.001532
-58.125000	1.669530	0.149828	0.004711	0.001195
-56.875000	1.659103	0.157078	0.004795	0.001275
-55.625000	1.799173	0.156693	0.003783	0.001003
-54.375000	1.895929	0.149718	0.003212	0.000814
-53.125000	1.887320	0.165880	0.003259	0.000915
-51.875000	2.188033	0.166203	0.001959	0.000551
-50.625000	2.273689	0.171851	0.001695	0.000493
-49.375000	2.143804	0.163808	0.002111	0.000585
-48.125000	2.395341	0.170096	0.001379	0.000397
-46.875000	2.348177	0.172286	0.001494	0.000436
-45.625000	2.489186	0.153407	0.001177	0.000306
-44.375000	2.708094	0.169611	0.000812	0.000233
-43.125000	2.645761	0.177035	0.000903	0.000271
-41.875000	2.972385	0.183999	0.000519	0.000162
-40.625000	2.992001	0.201828	0.000503	0.000172
-39.375000	3.201999	0.167411	0.000352	0.000100
-38.125000	3.294499	0.156361	0.000301	0.000080
-36.875000	3.531471	0.176936	0.000202	0.000060
-35.625000	3.710163	0.164331	0.000149	0.000041
-34.375000	4.030080	0.226781	0.000087	0.000033
-33.125000	3.943454	0.146720	0.000100	0.000025
-31.875000	4.194549	0.185213	0.000066	0.000021
-30.625000	4.400386	0.184769	0.000046	0.000014
-29.375000	4.571344	0.168475	0.000035	0.000010
-28.125000	4.804798	0.184866	0.000023	0.000007
-26.875000	5.092588	0.164575	0.000014	0.000004
-25.625000	5.077045	0.179072	0.000015	0.000004
-24.375000	5.424071	0.169931	0.000008	0.000002
-23.125000	5.673234	0.153910	0.000005	0.000001
-21.875000	6.081834	0.191246	0.000003	0.000001
-20.625000	6.197890	0.168791	0.000002	0.000001
-19.375000	6.285511	0.169497	0.000002	0.000001
-18.125000	6.443182	0.183278	0.000001	0.000000
-16.875000	6.795538	0.173785	0.000001	0.000000
-15.625000	7.086658	0.191060	0.000000	0.000000
-14.375000	7.332724	0.216071	0.000000	0.000000
-13.125000	7.514904	0.198495	0.000000	0.000000
-11.875000	7.642227	0.165959	0.000000	0.000000
-10.625000	7.847989	0.185770	0.000000	0.000000
-9.375000	8.066251	0.197810	0.000000	0.000000
-8.125000	8.224730	0.176530	0.000000	0.000000
-6.875000	8.412034	0.172052	0.000000	0.000000
-5.625000	8.801427	0.179130	0.000000	0.000000
-4.375000	8.844819	0.186792	0.000000	0.000000
-3.125000	8.965626	0.124575	0.000000	0.000000
-1.875000	9.001900	0.165560	0.000000	0.000000
-0.625000	9.173139	0.166227	0.000000	0.000000
0.625000	9.491980	0.179217	0.000000	0.000000
1.875000	9.306989	0.163079	0.000000	0.000000
3.125000	9.351394	0.138498	0.000000	0.000000
4.375000	9.368097	0.160716	0.000000	0.000000
5.625000	9.191602	0.162200	0.000000	0.000000
6.875000	9.183282	0.156728	0.000000	0.000000
8.125000	9.061275	0.165146	0.000000	0.000000
9.375000	9.127180	0.172391	0.000000	0.000000
10.625000	8.873868	0.167013	0.000000	0.000000
11.875000	8.697165	0.142108	0.000000	0.000000
13.125000	8.537852	0.145637	0.000000	0.000000
14.375000	8.716845	0.180385	0.000000	0.000000
15.625000	8.426129	0.151809	0.000000	0.000000
16.875000	8.239873	0.148524	0.000000	0.000000
18.125000	8.112747	0.144821	0.000000	0.000000
19.375000	7.860103	0.138106	0.000000	0.000000
20.625000	7.889027	0.142653	0.000000	0.000000
21.875000	7.700800	0.145089	0.000000	0.000000
23.125000	7.375400	0.139129	0.000000	0.000000
24.375000	7.279827	0.135498	0.000000	0.000000
25.625000	7.098481	0.141710	0.000000	0.000000
26.875000	6.888023	0.139443	0.000001	0.000000
28.125000	6.609153	0.146893	0.000001	0.000000
29.375000	6.482085	0.143035	0.000001	0.000000
30.625000	6.369802	0.165484	0.000002	0.000000
31.875000	6.129051	0.159560	0.000002	0.000001
33.125000	5.844506	0.162028	0.000004	0.000001
34.375000	5.630298	0.158655	0.000006	0.000002
35.625000	5.564751	0.137819	0.000006	0.000002
36.875000	5.420283	0.161686	0.000008	0.000002
38.125000	5.109823	0.149351	0.000014	0.000004
39.375000	4.968666	0.153068	0.000018	0.000005
40.625000	4.543233	0.147424	0.000036	0.000009
41.875000	4.437098	0.153835	0.000044	0.000011
43.125000	4.380516	0.168966	0.000048	0.000014
44.375000	4.207201	0.149790	0.000064	0.000016
45.625000	4.139941	0.166187	0.000072	0.000020
46.875000	4.048291	0.177945	0.000084	0.000025
48.125000	3.879131	0.151858	0.000112	0.000029
49.375000	3.678404	0.164248	0.000157	0.000044
50.625000	3.588788	0.163889	0.000183	0.000051
51.875000	3.479333	0.181205	0.000220	0.000068
53.125000	3.482576	0.177492	0.000219	0.000066
54.375000	3.219344	0.162373	0.000342	0.000094
55.625000	3.344436	0.175531	0.000277	0.000082
56.875000	3.501525	0.173811	0.000212	0.000062
58.125000	3.283372	0.166291	0.000307	0.000086
59.375000	3.470991	0.168102	0.000223	0.000064
60.625000	3.185939	0.145111	0.000362	0.000089
61.875000	3.258358	0.138169	0.000320	0.000075
63.125000	3.320511	0.164530	0.000288	0.000080
64.375000	3.400345	0.160963	0.000252	0.000069
65.625000	3.415405	0.161621	0.000245	0.000067
66.875000	3.754252	0.169256	0.000138	0.000040
68.125000	3.505963	0.168592	0.000211	0.000060
69.375000	3.552984	0.141972	0.000194	0.000047
70.625000	3.604074	0.142954	0.000178	0.000043
71.875000	3.706036	0.154536	0.000150	0.000039
73.125000	3.822635	0.164975	0.000123	0.000034
74.375000	3.857888	0.152886	0.000116	0.000030
75.625000	3.942972	0.162631	0.000101	0.000028
76.875000	4.270690	0.174348	0.000058	0.000017
78.125000	4.195923	0.165057	0.000066	0.000018
79.375000	4.277718	0.161170	0.000057	0.000016
80.625000	4.188106	0.159622	0.000066	0.000018
81.875000	4.358475	0.139659	0.000050	0.000012
83.125000	4.499868	0.135419	0.000039	0.000009
84.375000	4.460544	0.147955	0.000042	0.000010
85.625000	4.587566	0.140057	0.000034	0.000008
86.875000	4.683480	0.141533	0.000029	0.000007
88.125000	4.893310	0.167171	0.000020	0.000006
89.375000	5.013677	0.164413	0.000016	0.000005
90.625000	4.916536	0.154293	0.000019	0.000005
91.875000	5.018167	0.125736	0.000016	0.000003
93.125000	5.157209	0.156728	0.000013	0.000003
94.375000	5.045596	0.141729	0.000016	0.000004
95.625000	5.218997	0.144199	0.000012	0.000003
96.875000	5.239553	0.157829	0.000011	0.000003
98.125000	5.333341	0.151861	0.000010	0.000002
99.375000	5.240441	0.162277	0.000011	0.000003
100.625000	5.095555	0.164471	0.000014	0.000004
101.875000	5.387305	0.149977	0.000009	0.000002
103.125000	5.338570	0.143789	0.000009	0.000002
104.375000	5.332452	0.152873	0.000010	0.000002
105.625000	5.611489	0.162224	0.000006	0.000002
106.875000	5.517567	0.144774	0.000007	0.000002
108.125000	5.569809	0.132375	0.000006	0.000001
109.375000	5.398257	0.129357	0.000009	0.000002
110.625000	5.675970	0.125265	0.000005	0.000001
111.875000	5.761626	0.138097	0.000005	0.000001
113.125000	5.735891	0.154134	0.000005	0.000001
114.375000	5.583015	0.123033	0.000006	0.000001
115.625000	5.423525	0.115579	0.000008	0.000002
116.875000	5.505363	0.123826	0.000007	0.000001
118.125000	5.530075	0.110060	0.000007	0.000001
119.375000	5.513556	0.120160	0.000007	0.000001
120.625000	5.526195	0.117668	0.000007	0.000001
121.875000	5.398917	0.103457	0.000009	0.000001
123.125000	5.384634	0.126078	0.000009	0.000002
124.375000	5.350417	0.118163	0.000009	0.000002
125.625000	5.376863	0.123107	0.000009	0.000002
126.875000	5.149553	0.117769	0.000013	0.000003
128.125000	5.230979	0.139725	0.000011	0.000003
129.375000	5.063133	0.139310	0.000015	0.000004
130.625000	5.028670	0.151224	0.000016	0.000004
131.875000	4.985326	0.130510	0.000017	0.000004
133.125000	4.889382	0.160656	0.000020	0.000006
134.375000	4.525263	0.123759	0.000038	0.000008
135.625000	4.817512	0.156057	0.000023	0.000006
136.875000	4.530403	0.135870	0.000037	0.000009
138.125000	4.355455	0.134962	0.000050	0.000011
139.375000	3.990508	0.124369	0.000093	0.000020
140.625000	3.909613	0.119219	0.000106	0.000021
141.875000	3.932779	0.149080	0.000102	0.000026
143.125000	3.807484	0.131138	0.000126	0.000028
144.375000	3.388650	0.118890	0.000257	0.000052
145.625000	3.278509	0.125605	0.000309	0.000066
146.875000	3.035618	0.109819	0.000467	0.000087
148.125000	2.864851	0.130844	0.000623	0.000138
149.375000	2.776844	0.121689	0.000723	0.000149
150.625000	2.470405	0.117325	0.001215	0.000241
151.875000	2.467462	0.128854	0.001221	0.000266
153.125000	1.964870	0.106772	0.002858	0.000516
154.375000	1.985498	0.116504	0.002760	0.000544
155.625000	1.734574	0.108684	0.004220	0.000776
156.875000	1.573400	0.099566	0.005543	0.000934
158.125000	1.255863	0.103963	0.009487	0.001669
159.375000	1.408875	0.121373	0.007323	0.001504
160.625000	1.093767	0.095112	0.012482	0.002009
161.875000	0.914253	0.099856	0.016913	0.002858
163.125000	0.727670	0.087927	0.023193	0.003451
164.375000	0.713531	0.088802	0.023754	0.003570
165.625000	0.662150	0.099758	0.025912	0.004374
166.875000	0.377123	0.076003	0.041975	0.005399
168.125000	0.271502	0.076950	0.050190	0.006536
169.375000	0.209507	0.070236	0.055741	0.006625
170.625000	0.170274	0.076954	0.059568	0.007757
171.875000	0.128342	0.071148	0.063948	0.007700
173.125000	0.000000	0.059050	0.079461	0.007941
174.375000	0.174987	0.076787	0.059095	0.007679
175.625000	0.137157	0.066197	0.063001	0.007058
176.875000	0.321472	0.075806	0.046120	0.005917
178.125000	0.337350	0.075946	0.044897	0.005770
179.375000	0.563320	0.079227	0.030629	0.004107
