#Coor		Free		+/-		Prob		+/-
-178.750000	0.770861	0.063121	0.037797	0.004037
-176.250000	0.831503	0.059395	0.034111	0.003429
-173.750000	1.010267	0.061583	0.025206	0.002627
-171.250000	1.312360	0.073704	0.015118	0.001886
-168.750000	1.719684	0.078689	0.007588	0.001010
-166.250000	1.996262	0.070291	0.004752	0.000565
-163.750000	2.302049	0.069945	0.002832	0.000335
-161.250000	2.868789	0.080679	0.001085	0.000148
-158.750000	3.289217	0.081037	0.000533	0.000073
-156.250000	3.803690	0.099297	0.000223	0.000037
-153.750000	4.221062	0.120762	0.000110	0.000022
-151.250000	4.457058	0.097379	0.000074	0.000012
-148.750000	5.025353	0.129757	0.000028	0.000006
-146.250000	5.342178	0.105472	0.000017	0.000003
-143.750000	5.841208	0.117191	0.000007	0.000001
-141.250000	6.308960	0.116674	0.000003	0.000001
-138.750000	6.696426	0.120025	0.000002	0.000000
-136.250000	6.811644	0.106452	0.000001	0.000000
-133.750000	7.102015	0.130983	0.000001	0.000000
-131.250000	7.173039	0.137508	0.000001	0.000000
-128.750000	7.397759	0.153815	0.000001	0.000000
-126.250000	7.536507	0.156246	0.000000	0.000000
-123.750000	7.502297	0.154682	0.000000	0.000000
-121.250000	7.406675	0.143980	0.000001	0.000000
-118.750000	7.197602	0.156909	0.000001	0.000000
-116.250000	7.340904	0.153917	0.000001	0.000000
-113.750000	7.105504	0.153252	0.000001	0.000000
-111.250000	6.941382	0.151826	0.000001	0.000000
-108.750000	6.608836	0.141960	0.000002	0.000000
-106.250000	6.157907	0.134390	0.000004	0.000001
-103.750000	5.773669	0.147103	0.000008	0.000002
-101.250000	5.338465	0.141224	0.000017	0.000004
-98.750000	4.890987	0.144591	0.000035	0.000009
-96.250000	4.517996	0.134354	0.000067	0.000015
-93.750000	4.098823	0.142417	0.000135	0.000033
-91.250000	3.627639	0.138261	0.000301	0.000070
-88.750000	3.136498	0.137061	0.000690	0.000160
-86.250000	2.787224	0.141030	0.001246	0.000297
-83.750000	2.466252	0.142117	0.002145	0.000516
-81.250000	2.291451	0.157227	0.002883	0.000767
-78.750000	1.968794	0.154633	0.004978	0.001303
-76.250000	1.800136	0.155847	0.006622	0.001746
-73.750000	1.623246	0.156835	0.008933	0.002371
-71.250000	1.473659	0.166105	0.011506	0.003234
-68.750000	1.373211	0.153928	0.013638	0.003553
-66.250000	1.297304	0.145445	0.015508	0.003817
-63.750000	1.514211	0.156313	0.010743	0.002842
-61.250000	1.509040	0.149648	0.010838	0.002745
-58.750000	1.533916	0.140445	0.010391	0.002470
-56.250000	1.660289	0.146030	0.008390	0.002073
-53.750000	1.820490	0.145869	0.006398	0.001579
-51.250000	2.165663	0.155811	0.003567	0.000941
-48.750000	2.200633	0.156288	0.003362	0.000889
-46.250000	2.353073	0.151229	0.002598	0.000665
-43.750000	2.606323	0.158754	0.001692	0.000455
-41.250000	2.917145	0.182820	0.001000	0.000309
-38.750000	3.193201	0.143603	0.000627	0.000152
-36.250000	3.571257	0.159189	0.000331	0.000089
-33.750000	3.926307	0.166491	0.000181	0.000051
-31.250000	4.244743	0.172219	0.000106	0.000031
-28.750000	4.637815	0.162457	0.000054	0.000015
-26.250000	5.025798	0.158043	0.000028	0.000008
-23.750000	5.508077	0.147377	0.000012	0.000003
-21.250000	6.098992	0.167080	0.000005	0.000001
-18.750000	6.322146	0.164587	0.000003	0.000001
-16.250000	6.891007	0.162952	0.000001	0.000000
-13.750000	7.375781	0.189544	0.000001	0.000000
-11.250000	7.700810	0.160076	0.000000	0.000000
-8.750000	8.102595	0.171104	0.000000	0.000000
-6.250000	8.557119	0.159389	0.000000	0.000000
-3.750000	8.862532	0.135425	0.000000	0.000000
-1.250000	9.045549	0.151291	0.000000	0.000000
1.250000	9.343746	0.155675	0.000000	0.000000
3.750000	9.321000	0.135718	0.000000	0.000000
6.250000	9.148105	0.148481	0.000000	0.000000
8.750000	9.043749	0.153491	0.000000	0.000000
11.250000	8.737695	0.149622	0.000000	0.000000
13.750000	8.548646	0.129980	0.000000	0.000000
16.250000	8.269880	0.137804	0.000000	0.000000
18.750000	7.922007	0.126205	0.000000	0.000000
21.250000	7.738090	0.128611	0.000000	0.000000
23.750000	7.270918	0.126222	0.000001	0.000000
26.250000	6.937114	0.127477	0.000001	0.000000
28.750000	6.481884	0.131436	0.000002	0.000001
31.250000	6.185045	0.146104	0.000004	0.000001
33.750000	5.671052	0.142267	0.000009	0.000002
36.250000	5.428721	0.128317	0.000014	0.000003
38.750000	4.976367	0.132798	0.000031	0.000007
41.250000	4.424213	0.136767	0.000078	0.000018
43.750000	4.226825	0.133818	0.000109	0.000025
46.250000	4.024102	0.151871	0.000154	0.000039
48.750000	3.708018	0.142982	0.000262	0.000063
51.250000	3.467186	0.154570	0.000394	0.000103
53.750000	3.275705	0.151165	0.000545	0.000139
56.250000	3.344387	0.153094	0.000485	0.000126
58.750000	3.295669	0.142593	0.000527	0.000127
61.250000	3.145955	0.126196	0.000679	0.000145
63.750000	3.284235	0.145128	0.000537	0.000132
66.250000	3.491889	0.150790	0.000378	0.000096
68.750000	3.452355	0.140764	0.000404	0.000096
71.250000	3.574502	0.132683	0.000329	0.000074
73.750000	3.757608	0.138571	0.000241	0.000057
76.250000	4.007430	0.141488	0.000158	0.000038
78.750000	4.150589	0.138350	0.000124	0.000029
81.250000	4.186794	0.126688	0.000117	0.000025
83.750000	4.390229	0.129066	0.000083	0.000018
86.250000	4.549962	0.127207	0.000063	0.000014
88.750000	4.867781	0.147981	0.000037	0.000009
91.250000	4.882112	0.123707	0.000036	0.000008
93.750000	5.010785	0.136521	0.000029	0.000007
96.250000	5.145216	0.131788	0.000023	0.000005
98.750000	5.200946	0.142295	0.000021	0.000005
101.250000	5.137627	0.143281	0.000023	0.000006
103.750000	5.250158	0.129611	0.000019	0.000004
106.250000	5.476208	0.129476	0.000013	0.000003
108.750000	5.390068	0.115639	0.000015	0.000003
111.250000	5.644269	0.114438	0.000010	0.000002
113.750000	5.576170	0.126841	0.000011	0.000002
116.250000	5.393157	0.111997	0.000015	0.000003
118.750000	5.451862	0.112473	0.000014	0.000003
121.250000	5.392554	0.102647	0.000015	0.000003
123.750000	5.295838	0.113403	0.000018	0.000003
126.250000	5.191298	0.109506	0.000021	0.000004
128.750000	5.074333	0.119781	0.000026	0.000005
131.250000	4.935396	0.119676	0.000033	0.000007
133.750000	4.624982	0.116591	0.000056	0.000011
136.250000	4.602448	0.112138	0.000058	0.000011
138.750000	4.098253	0.112173	0.000136	0.000026
141.250000	3.846136	0.105552	0.000208	0.000037
143.750000	3.520875	0.099134	0.000360	0.000060
146.250000	3.086396	0.094253	0.000751	0.000120
148.750000	2.746567	0.095009	0.001335	0.000215
151.250000	2.391294	0.094412	0.002435	0.000389
153.750000	1.896974	0.089273	0.005621	0.000849
156.250000	1.581230	0.080430	0.009591	0.001305
158.750000	1.239212	0.092681	0.017110	0.002684
161.250000	0.928292	0.073112	0.028957	0.003583
163.750000	0.641592	0.066620	0.047040	0.005303
166.250000	0.432578	0.059676	0.067001	0.006767
168.750000	0.162067	0.055788	0.105900	0.009998
171.250000	0.069217	0.054082	0.123919	0.011342
173.750000	0.000000	0.046437	0.139319	0.010948
176.250000	0.141189	0.053099	0.109709	0.009858
178.750000	0.359320	0.055792	0.075845	0.007161
