  1  25   4   3  10   9   5   6  20   0  12  16  14  15   2  27  24  21  11  23  28   7  17   8  37  18  19  22  35  33  13  30  39  26  29  36  31  38  34  32 
  1   4  25   3   9  10   0   5   6  20  16  12  15  14  27   2  11  24  21  23   7  28  18  17   8  37  19  35  22  30  33  13  26  39  29  36  34  31  38  32 
  4   1  25   9   3  10   5   6   0  20  12  16  14  15   2  27  11  21  23  24   7  18  17  28  37   8  35  19  22  33  13  26  30  29  36  34  31  38  32  39 
  1   4  25  10   9   3   6   5  12   0  20  14  16   2  15  11  27  24  21  23  18   7  28  17  37   8  19  35  22  36  33  13  26  30  29  32  34  31  38  39 
  1  25   4  10   3   9   6   5  12  20   0  16  14  15   2  27  24  21  23  11  18   7  17  37  28  19  35   8  22  33  36  26  13  29  32  34  30  38  39  31 
  1   4  25  10   9   3   6  12   5   0  20  14  16   2  15  24  27  11  21  23  37  18   7  17   8  28  19  35  22  29  33  36  26  13  34  32  30  38  31  39 
  4  25   1  10   9   6  12   5   3   0  14  20  16  15  24   2  11  21  23  27  18   7  37  17  28   8  35  19  22  33  36  29  13  26  34  32  38  31  39  30 
 25   4   1   9  10  12   6   3   5  14   0  16  20   2  15  24  27  11  21  23   7  18   8  37  17  28  19  35  22  13  33  36  29  26  31  34  32  38  30  39 
  4   1  25  10   9  12   3   5  14   0   6  16  20   2  24  15  27  21  23  11  18   7  37  17  28   8  19  35  13  22  36  29  33  26  34  32  31  38  30  39 
  4  25   1  12  10   9   3  14   5   0   6  20  16  15   2  24  27  23  21  11  37  18   7  17  28   8  33  19  35  13  22  36  29  31  26  34  32  30  38  39 
 25   1   4  10  12   3  14   5   9   6   0  16  20   2  24  15  27  21  11  23  18   7  37  17   8  28  19  35  13  22  36  29  31  33  34  26  32  30  38  39 
  4  25   1  10  12  14   3   9   5   0   6   2  16  20  27  24  15  23  21  11   7  18  37  17   8  19  28  29  35  13  22  36  33  31  32  34  26  30  39  38 
 25   4   1  10  12   3   9  14   0   5   6  16  20   2  24  27  23  21  15   7  11  18  17  37  19   8  29  28  13  35  36  22  33  32  34  31  26  39  30  38 
  1  25   4  10  12  14   3   9   5   0   6  20  16   2  27  24  23  15  21  11   7  17  18  37  29  19   8  28  35  13  36  34  22  33  32  31  39  26  38  30 
 25   1  10   4  12  14   3   5   9   6   0  16   2  20  24  27  15  21  23   7  17  11  37  29  18   8  28  35  19  13  36  22  34  33  32  39  31  26  30  38 
  1  25  12  10   4   9  14   3   5  16   6   0  20   2  27  24  23  15  21  11   7  17   8  37  29  18  19  28  35  13  34  36  22  33  32  31  39  30  26  38 
 25   1  10  12   4  14   3   9   5   6   0  16  20  27  24   2  23  15  11   7  17  21  37  29  18  19  28  35  13  34  36  22   8  32  31  39  30  26  33  38 
 25  10   1   4  12   3  14   9   0   5   6  20  16   2  27  24  23  11  15  21   7  17  18  37  29  28  19  35  13   8  34  36  22  32  31  38  39  30  26  33 
 10  25   1   4  12  14   9   0   3   6   5  16  20  27   2  23  24  15  21  11  17   7  18  29  37  19  35  13   8  28  34  22  36  31  32  39  38  26  30  33 
 25  10   1   4  12  14   9   6   0   3  11   5  16  20  27   2  23  24  15  21  17  29   7  18  19  37  13  35  28   8  36  34  22  31  39  32  33  38  26  30 
 25   1  10  12   4   9  14   0   3   6   5  11  20  16   2  23  27  24  21  17  15   7  29  18  37  19  35  13   8  36  28  34  31  39  32  33  22  26  38  30 
 25   1  10   4  12   9   3  14   0   6   5  16  11  20  23   2  24  27   7  21  17  15  29  18  37   8  19  35  13  26  36  28  34  31  39  32  33  22  38  30 
  1  25  10  12   9   4   3   0   6  14  16  11  20   5   2  23  27  24  21  17   7  15  18  29   8  37  19  13  35  36  28  34  26  39  32  33  22  31  30  38 
 25   1  12  10   6   9   4   3   0  16  14   5  11  20  23   2  21  27  24   7  17  29  15  18   8  37  13  19  35  36  28  32  34  26  39  33  22  31  30  38 
  1  25  10  12   6   4   3   9  16  14   0  11   5  20   2  23  27  24   7  21  17  15  29   8  37  18  19  35  13  28  32  34  36  26  33  39  31  22  30  38 
  1  25  10  12   9   6   4   3  14  16  20   0  11   5   2  23   7  27  24  29  21  17  15  18   8  37  19  28  35  13  34  32  33  36  26  22  39  31  30  38 
  1  10  12  25   6   4   3   9  16  20   0  11  14   5   2   7  23  24  27  21  29  15  17  18  37  19   8  35  13  28  34  33  36  26  22  39  32  30  31  38 
  1  10  12  25   6   4   9   3   0  16  20  14  11   5   2   7  23  15  24  27  21  29  17  19  18  37   8  35  28  13  26  34  33  36  22  32  39  30  38  31 
 10  12  25   6   1   9   4   0   3  16  14  20   5   2   7  11  23  24  15  21  27  29  19  18  37  17   8  28  35  26  13  34  36  33  32  39  30  22  38  31 
 10   1  12  25   6   4   9   3   0  16  20  14   5  11   2   7  24  23  21  15  29  27   8  19  18  37  17  13  28  35  26  33  34  36  30  32  39  38  22  31 
 10   1  12   6  25   9   4   3  16   0  14  20   5  11   7   2  23  24  15  21  27  29  19  18   8  17  13  28  37  35  33  26  36  34  30  39  38  22  32  31 
 10   1  25  12   6   3   9   4   0  16  20  14   5   7  11  24   2  23  21  15  27  29  18  19  17   8  35  13  28  37  26  33  36  30  34  39  32  38  22  31 
 10   1  12   6  25   3   4   9   0  20  14   5  16   7  11   2  24  23  21  27  15  18  29  17   8  19  35  13  37  26  28  36  33  30  34  32  38  22  39  31 
 10   1   6  12   3  25   4   9   0  14  20  16   5  11   7  23   2  24  27  21  18  15  29  17  19   8  13  35  37  36  26  28  30  33  38  34  32  39  22  31 
 10   1  12   6  25   3   4   0   9  20  16  14   5   7  23   2  24  11  27  21  15  29  18  17   8  19  35  37  36  26  13  28  30  33  38  32  34  39  22  31 
 10   1   6  12   3  25   4   0  16   9  20   5  14   7  24  23   2  11  27  18  21  15  29  35  17   8  19  26  37  36  13  33  28  30  38  31  32  34  39  22 
 10   1  12   6   3   4   0  25   9  20   5  14  16  24  23   7  11   2  18  27  15  29  21  17  35  19   8  37  36  26  33  13  28  38  31  32  34  39  30  22 
 10  12   1   6   3   4  25   0  20   9  16   5  14  24  23  11   7  18   2  27  15  21  29  17  19  35   8  37  26  36  13  33  28  31  38  22  32  34  39  30 
 10   1  12   3   6   4   0  25   9  16  20  14   5  24  23   7  11  18  27  15  21   2  29  19  17  35  37  26  36   8  13  28  31  38  33  32  22  39  34  30 
 10  12   1   4   3   6   9   0  25  20  16  14  24   5   7  23  18  11  27  15  21  19   2  29   8  17  35  37  26  36  13  28  33  31  38  32  34  22  39  30 
 10  12   4   3   1   6   0  25   9  20  16  14   5  24  23   7  11  27  18  21  15   2  29   8  17  35  37  19  26  36  28  13  31  38  32  34  33  39  22  30 
 12  10   3   4   1  25   6   0  16   9  20   5  14  24  11  23   7  21  27  18  15   2  29  37   8  17  35  19  28  26  36  38  13  31  34  32  30  33  39  22 
 10  12   3   1   4  25   6  16   0  20   9   5  24  14  23  11   7  27  18  21  15  29  37   2  17  35   8  19  26  36  28  38  13  31  32  34  33  39  30  22 
 10   3  12   4   1   6  25  16  20   0   5   9  14  24   7  23  11  15  27  18  21  29   2  37  35  17   8  26  19  38  36  28  22  13  31  32  34  33  39  30 
 10  12   3   1   4  25  16   6  20   5   0   9  24  14  23  11   7  27  18  21  15   2  29  35  17  37  26  19   8  38  28  36  13  22  31  34  33  32  39  30 
 10  12   3   1   4  25  20  16   6   0   5  24   9  14   7  23  11  21  27  18  15  29   2  37  35  17  26   8  19  38  36  28  22  13  30  31  34  33  32  39 
 10   3   1   4  12  25  16   6  20   5  24   9  14   0   7  11  23  27  18  21  15   2  29  35  17  37   8  26  38  36  19  22  28  30  13  34  31  32  39  33 
 10   3  12   1   4  25   6  16   5  20  24   0   9  14  23   7  11  27  18  21   2  15  29  17  35  37  26   8  19  38  36  34  22  28  30  13  32  31  33  39 
 10   3   1   4  12  25   6  16  20  24   5   0  14   9  23  11   7  27  18   2  21  15  17  29  37  26  35   8  19  36  38  22  28  34  13  30  32  33  39  31 
 10   1   3   4  25  12   6  20  16  14  24   5   0  23   9  18  11   7  27  17   2  21  15  37  29  19  26  35   8  38  36  30  22  28  34  13  31  32  33  39 
 10   3   4   1  12  25   6  16  20  24   5   0  14   9  23  11   7  27  18   2  21  15  37  29  19  17  26  35   8  38  30  22  28  34  36  31  32  33  13  39 
 10   1   3   4  12  25  16   6  20  23  24   5   0  14   9  11   7  18  27   2  15  21  17  37  29  19  26   8  35  38  30  22  36  28  34  13  31  32  33  39 
 10   3   1  12   4  25  16   6  20  24   5   0  23   9  14   7  11  18  27  15   2  17  21  29  19  26  37  35  38   8  22  30  28  34  36  31  32  13  39  33 
 10   3   4   1  12  16  25   6  20  24   0   5  23  11   9  14   7  18  15  27  17   2  21  29  26  19  37  22  35  38   8  30  34  28  31  36  32  13  33  39 
  3  10   1   4  16  12   6  25  24   0   5  20  23   9  14  11  18   7  15  27   2  21  17  26  19  37  29  35  22   8  38  34  30  28  31  32  36  13  39  33 
  1   3  10   4  16  12  25   6  24   0  23   5  20  14   9   7  11  18  27  15  26   2  21  17  29  19  37  35   8  22  30  38  34  32  28  31  13  36  33  39 
  3   1   4  16  10  25   6  12   0  23   5  20  14  24   9  11  18   7  15  27   2  21  17  29  26  37  19  35  22  30  38  34  32  28  31   8  36  33  13  39 
  3   4   1  16   6  10  25  12  24   0  23   5  20  14   9   2  11  18   7  15  27  21  29  17  37  26  35  19  22  34  30  38   8  32  28  31  39  36  33  13 
  3   1  16   4  10   6  12  25   0  24   5  20  14  23   2  11  18   7   9  15  27  21  29  37  26  17  19  22  34  35  30  38  32  28   8  31  36  33  13  39 
  3  16   1   4   6  10  12   0  25   5  24  23  20  14  11   2   7  18  27   9  15  21  29  19  37  26  17  31  22  34  35  30  38  32  28   8  39  36  33  13 
  3   1   4  16  10   6  12  25   5   0  23  24  20  14   2   7  11  18   9  15  21  29  27  37  19  26  31  22  34  35  17  38  30  28   8  39  36  33  32  13 
  1   3  10   4  16   6   5  12  25  24   0  23  20   2  14  11   7  18   9  27  15  21  29  37  19  26  22  31  17  34  35  28  38  30  33   8  39  36  13  32 
  3   1   4  16  10   6  12   5  24  25  23   0  20  14  11   2  18   7   9  15  27  29  21  19  37  22  26  31  34  17  35  38  28  33   8  30  36  13  32  39 
  1   3  16   4   6  10  12   5  25  24  20  23   0  14   7  11   2  18   9  15  21  27  29  37  19  22  26  35  31  34  17  28  38  30  33   8  36  39  13  32 
  3   1   4  16  10   6   5  12  25  20  23   0  24  14  11   7  18   2  15   9  27  21  29  19  22  37  35  31  26  17  28  38  30  33   8  34  39  36  32  13 
  1   3  10   4  16   6   5  12  25  23  20  24   0  14  18  11   7  21   2  15   9  27  29  37  19  22  31  35  26  17  28  30  38  34  33   8  13  39  36  32 
  1   3   4  16  10   5  12  25   6  20  24  23   0  14  11  18   7   2  21   9  15  27  37  29  19  31  22  35  17  26  30  28  34  38   8  33  39  36  13  32 
  1   3  16   4  10  12   5   6  25  20   0  24  23  14  11   7  18  21   2  15   9  29  27  37  31  19  28  22  35  17  26  30  38  34   8  32  33  39  36  13 
  1  16   3   4  10   5   6  12  20   0  24  25  14  23   7  18  11   2  15  21  29   9  37  31  19  27  22  35  28  26  30  38  34   8  32  17  33  36  13  39 
  1  16   3  10   4   5   6  25  12  20   0  24  23  14  11   7  18  21   2  15   9  29  27  37  31  19  28  22  35  38  26  30  34  36   8  32  17  33  13  39 
 16   3   1   4  10   6  25   5  20  12   0  23  24  14   7  18  11   2  21   9  15  27  37  31  29  28  19  35  22  26  30  38  34   8  36  17  33  32  39  13 
  4  16   3   1   5  10   6  25  24  20  12   0  23  14   7   2  18  11  15  21   9  37  27  29  31  19  28  26  35  22  38  30  34  17   8  36  32  33  13  39 
  4   3   1  16  10   5   6  25  20  12   0  24  14  23   2  18  11   7  15   9  21  27  37  31  29  19  28  35  22  38  30  26  17  34  36   8  32  13  39  33 
  4  16   3   1   6  10   5  20  25  12  24   0  23  14  18   2  11   7  15  21   9  27  31  37  19  29  28  38  35  22  26  30  17  32  34  36   8  33  13  39 
  4  16   1   3  10   5   6  25  12  20  24   0  14  18  23   2   7  15  11   9  27  31  21  37  29  28  19  35  22  26  30  17  38  34  32   8  36  13  33  39 
  4   1  16  10   3   6   5  20  25  12  24   2   0  14  18  23  15   7  11  27   9  21  31  37  19  29  28  35  17  22  26  30  38  32  34  36   8  39  13  33 
  4   1  16   3  10   6  20  25  12   5  24   0   2  18  23  14  15   7  11   9  21  27  37  19  31  29  35  28  22  26  30  17  38  34  32   8  39  13  33  36 
  4   1  16  10   3  20   6   5  25  12   0  24  37   2  18  23  14  15   7  11   9  21  27  35  19  31  29  28  22  26  39  30  17  38  34  32   8  36  13  33 
  1   4  10  16   3   6  20   5  12  25  24   0   2  37  23  14  18  15   7  11  21   9  35  27  31  19  29  22  28  39  30  17  38  26  34   8  36  32  33  13 
  4   1   5  10  16   3   6  20  12  25   0  24  14   2  37  23  18  15   7  11   9  21  35  27  29  31  19  22  28  26  39  30  17  38   8  34  36  33  32  13 
  1   4  10   5   3  16  20   6  12   0  24  25  14  37   2  18  23  15  11   9  21  35  27   7  31  29  22  19  28  39  30  17  38  26   8  36  33  32  34  13 
  4   1  10  16   5   3   6  20  12   0  25  24  14  23  37   2  18  11  15  21   9   7  35  27  29  31  19  22  38  28  39  30  17   8  26  34  36  33  32  13 
  1   4  16   5   3   6  10  20   0  25  12  14  23  37   2  18  11  24  15  21   7  35  27   9  31  19  29  38  28  39  22  17   8  30  26  36  33  32  34  13 
  4   1  10  16   5   3   6   0  20  14  25  12  24  23  37   2  18  11  21  15  35   7   9  27  29  31  19  22  38  28  39  17  26   8  30  13  36  33  32  34 
  1  10  16   5   4   3   0  20   6  25  14  12  23  37  24   2  11  18  15  21   7   9  27  29  31  35  22  19  28  39  38  17   8  30  13  26  33  32  34  36 
  1   4  10  16   5   3  20   0   6  14  25  15  12  23  37  24   2  11  18  21   7  27   9  29  35  31  39  22  19  28  17  38  13   8  30  26  34  33  32  36 
  4   1  16  10   3  20   0   5   6  25  14  12  15  37  24  23  11  18  21   2  27   7  29  35   9  31  39  19  28  22  38  13   8  30  17  26  33  32  36  34 
  1   4  16  20  10   3   5   0   6  14  25  15  12  24  37  23  11  21  18  29   2  27   7  31  35   9  39  19  38  28  22   8  13  17  30  33  26  32  34  36 
  4   1  16  10   3  20   0   5  14   6  15  25  24  37  12  11  21  23  18   2  27   7  29  35  31  39   9  19  38  22   8  28  17  30  13  33  32  26  36  34 
  1   4  16  20  10   3   0  14   5   6  12  15  25  24  37  23  11  21  18  27   2  35   7  29   9  31  39  19  22  38  28   8  33  17  30  13  32  34  26  36 
  4   1  16  10   3  20   0  14   6   5  15  25  12  37  24  11  21  23  18   2  35  27  29   7  31  39   9  22  19  28   8  38  17  33  13  32  30  26  36  34 
 16   4   1   3  10  20  14   0  15   6   5  25  12  24  37  11  23  21   2  18  29  35  27  31   7  39  22   9  28  19  38   8  17  30  33  13  32  34  26  36 
  4  16   1  10   3  14  20   0   6  15  25   5  24  37  11  23  21  12   2  29  35  18  31   7  27  22   9  28  19  39  38  17  30  33  13   8  34  26  36  32 
 16   4   3   1  10  20  14  15   0   6   5  25  37  24  12  11  23  21   2  29  18  35  27  31   7   9  22  39  28  19  17  38  33  30   8  13  26  34  36  32 
  4  16   1  10   3  14  20  15   6   5   0  25  24  12  37  23  21  11  29  18   2  35  31   7   9  22  27  28  39  19  38  17  30   8  33  26  13  36  32  34 
  4  16   3   1  10  14  20   0  15   6   5  25  24  37  12  21  23  29  11   2  18  35   9  31   7  38  22  27  28  39  19   8  17  30  26  33  34  13  36  32 
  4  16   1  10  14   3  20   0   6  15   5  25  37  12  21  23  24  11   2  29  18   9  35   7  38  22  27  31  39  19  28  17  30   8  33  34  26  36  32  13 
  4   1  16   3  10  14   0  20   6   5  15  25  24  37  12  21  23  11  29   2  35  18   9  27   7  38  22  39  31   8  19  28  17  30  33  36  34  26  13  32 
  4  16   1  10  14   0  20   3   5  15  25   6  37  12  24  23  21  11   2  29  18   9  35  27  38  22  39  31   7  19   8  28  30  33  36  34  26  17  13  32 
  4   1  16  14  10   0   3  20   5   6  15  25  12  37  24  29  23  21  11   2  18  27   9  35  22  38   7  39  31  19  30   8  28  17  33  36  34  26  13  32 
  1   4  16  14   0   3  10  20   6   5  25  15  12  37  29  23  21  24  11   2  18   9  35  22  27  38  39  31   7  30   8  28  17  33  19  34  36  26  13  32 
  1  16   4  14  10   0   3   6  20   5  15  25  37  12  29  21  23  11  24   2  18  38   9  35  22  27   7  39  31  28  30   8  19  17  33  36  34  13  26  32 
 16   1   4  14  10   3   6  20   5   0  25  15  37  29  12  21  11  23   2  24  38  18  35   9  22  27   7  31  39  30   8  19  17  28  36  33  34  26  13  32 
  1  16   4  14  10   3   0   6  20   5  29  25  15  37  21  12  23  11  18   2  24  38   7  35   9  22  27  30  31  39   8  17  19  36  28  13  33  34  26  32 
  1  16   4  14  10   0   3  20   5   6  25  15  29  21  37  12  11  23   2  24  38  18  35   9   7  27  22  31  39   8  30  17  36  28  19  33  34  13  26  32 
 16   1  14   4  10   3   0   5  20   6  25  29  15  37  21  11  12   2  23  18  24  38   9  35   7  31  27  22  30  39   8  17  19  36  28  34  33  13  32  26 
 16   1   4  10  14   0   3  20   6   5  29  15  25  37  11  12   2  23  18  24  38  21  35   7   9  27  22  31  30   8  39  17  36  19  34  33  13  32  28  26 
 16   1  14   4  10   0   3   5  20   6  25  29  15  37  11  12  21   2  23  18  24  38   9  35   7  31  27  22  39  30   8  17  19  36  28  34  33  13  32  26 
  1  16  14  10   4   3   0  20   5  25  29  15   6  37  11  21  12   2  18  23  38  24   9   7  35  27  31  39  30  22  17   8  36  28  19  33  13  32  34  26 
  1  16   4  14  10   0   3   5  20  29  25   6  15  37  11   2  21  12  23  18   9  38  24  27   7  35  22  31  39  30   8  17  19  36  28  13  33  26  32  34 
  1  16  14   4  10   0   5  20  29   3   6  25  37  15   2  21  11  23  12   9  18  38  27  24  35   7  31  22  30   8  39  17  36  19  28  33  26  32  34  13 
  1   4  16  14  10   0  20   5   3  29  15   6  25  37  11   2  21  23   9  12  18  24  38  27  35   8   7  31  22  30  17  39  19  36  28  13  33  26  32  34 
  1   4  14  16  10   0   5  20  29   3   6  25  15  37   2  21  11   9  23  18  12  38  27  35  24   7  31   8  30  17  39  19  22  28  36  13  33  32  34  26 
  1  10   4  14  16   0  20   5   3  29  25   6  37  15  11   2  21   9  12  23  18  35  38  27   8  24   7  31  30  17  19  39  22  28  36  13  26  33  32  34 
  1   4  10  16  14   0   5   3  29  25  20   6  15  37   2  21  11  12  23  18   9  35  27  38  24   7   8  30  31  19  39  22  28  17  13  36  33  32  34  26 
  1   4  14  10  16   0   3   5  20  29  25  15   6  11  37   2  21   9  12  23  18  27  35  38   8  24   7  31  30  19  17  39  22  28  36  13  32  33  26  34 
  4   1  14  16  10   3   5  20   0  25  15   6  29  37  11   2   9  12  23  18  21  35  38  27  24   7   8  30  31  17  19  22  39  36  28  32  33  26  34  13 
  4   1  16  14  10   5   3   0  20  29  25  15   6   2  37  11  18   9  12  23  21  38  35  24  27   8   7  30  19  31  17  39  22  36  32  28  26  33  13  34 
  1   4  14  16  10   3   0  20   5  25  15  29   6  37  11   2   9  12  23  18  38  21  24  27   8  35   7  19  31  17  30  39  36  32  22  26  33  13  34  28 
  4   1  16  14  10   0   3   5  20  29  25  15  37   6   2  11  21   9  12  23  18  38  35  24  27   8   7  32  19  31  17  30  39  36  33  22  26  28  13  34 
  4   1  14  16   0  10   5   3  20  29  15  25   6  37   2  11   9  12  23  21  38  18  24  35   8   7  32  19  31  17  30  39  27  36  22  33  28  26  34  13 
  4   1  16  14  10   0   5   3  15  20  29  25  11   6  37   2   9  23  12  38  21  24  18   7  35   8  19  32  31  27  17  30  39  36  13  22  33  28  26  34 
  4   1  14  16   0  10   3   5  20  15  25  29   6  37   2  11   9  12  38  23  24  18  21  35   8  19   7  32  27  31  17  30  36  39  22  13  28  33  34  26 
  4   1  16  14   3   0  10  20   5  15  29  25   2   6  37   9  11  12  23  38  24  35  18  21   8   7  19  32  27  17  31  36  30  13  39  22  34  28  33  26 
  4  16   1   3   0  14  10  20  15   5  25   2  29  37   6  11   9  12  23  38  24  18  21  35   7   8  19  27  32  31  36  30  17  39  22  13  34  28  33  26 
  4   1  16  10   3   0  14  20  25  15   5  29   2   6  37   9  11  12  38  23  24  21  18  35   8   7  32  19  27  36  31  17  30  22  39  34  13  33  28  26 
  4   1  16  10   0  14  20   3  15   5  25   2  29   6   9  11  12  37  38  24  21  18  23  35   8   7  19  27  32  36  17  30  22  39  31  13  33  28  34  26 
 16   4   1  10  14   0   3  20   5  15  25  29   2   9   6  37  11  12  21  38  24  23  18  35   8  32   7  19  27  31  36  17  30  22  39  13  33  34  28  26 
  4   1  16  10   0  14   3   5  20  15  29  25   2   9   6  11  12  37  38  21  23  24  18   8  35  32   7  27  19  36  17  30  31  39  22  33  13  28  34  26 
  1   4  16   3  10   0  14  15   5  20   9  29  25   2   6  12  11  37  23  38  21  24  35  18   8   7  32  19  27  17  36  31  30  22  39  13  33  26  28  34 
  1  16   4  10   3  14   0   5  15   9  29  25  20   6   2  11  12  23  37  21  24  38  18   8  35  32  19  27  17   7  31  30  36  39  13  33  22  28  26  34 
  1   4  16   3  10   0  14   5  15  20   9  29  25   2   6  37  11  12  23  21  38  24  18  35   8  32   7  19  27  17  28  31  30  36  39  13  33  22  34  26 
  1  16   4  10   3   0  14   5  20  15  29  25   9   6   2  11  12  37  23  38  21  18  24   8  35   7  32  27  17  19  31  28  30  39  13  33  22  36  26  34 
  1   3  16   4  10   0  14  25   5  20  15  29   6   9  12   2  11  37  23  21  38  24  18  35   8  32   7  17  27  31  19  39  28  30  33  13  26  22  36  34 
  1  16   4  10   3  14   0   5  20  15  29  25   9  12   2  11  37   6  21  38  24  23  18  35  32   7  17  27  31  19   8  28  30  39  33  26  22  36  13  34 
  1   4  16   3  10   0  14  20   5  29  15  11  25   9  12   2   6  37  21  23  38  24  35  18  17  32   7   8  27  31  19  28  30  33  39  26  13  22  36  34 
  4   1   3  16   0  14  10   5  20  15  29  25   9  11  12   2   6  21  37  38  24  23  18  35  32  17   7  27  31  19  28  30  33  39   8  13  22  36  26  34 
  1   4  16   3  14   0  10   5  20  11  15  29  25   9   2  12   6  24  21  37  38  23  18  32  35  27  17   7  28  31  19  33  30   8  39  13  36  22  34  26 
  1   4   3  16  14   0   5  10  20  15  29  11  25   9  12   2   6  24  37  21  23  38  18  35  32  17   7  28  27  31  33  19  30  39  13   8  22  34  26  36 
  4   1  16   3  14   0  10   5  20  15  25  29  11  12   9   6   2  24  23  37  21  35  38  18  17  32   7  27  28  19  31  33  30  22  39  13   8  36  34  26 
  1   4  16  14   3  10   0  20  15  25  29   5  11   9  12   2  24   6  37  23  35  38  18  21  17   7  27  32  19  28  33  30  31  39  22   8  13  34  36  26 
  4   1  16   3  14   0  10  20   5  15  25  29  12  11   9   2   6  24  37  35  23  21  38  18  17  32   7  27  28  19  31  33  30  22  39  13   8  34  26  36 
  1   4   3  14  16  10   0  20  15  25  29   5  11   9  12   6   2  24  37  23  21  38  18  35  32  17   7  27  19  31  33  28  30  39  22   8  34  26  36  13 
  4   1  14   3  16  10  20   0  15   5  25  29  11  12   9  23   6   2  24  37  18  21  38  35  28  32  17   7  27  19  31  33  22  30  39  36   8  34  26  13 
  4  14   1  16   3  20   0  10  15  25  29  11  12   5  23   9   2  24   6  37  21  38  35  18  32  17  28   7  19  27  33  31  22  39  30   8  34  26  36  13 
  4  16  14   1   3  15  20   0  10  25  29   5  11  12  37  23   9   2  24   6  32  21  38  35  18  19  17  28   7  27  30  33  31  22  39  26   8  34  36  13 
 16  14   4   3   1  20  15  10   0  25  29  11   5  12  23   9  37  24   6   2  21  32  35  18  38  19  17   7  28  30  33  31  27  39  22   8  26  36  13  34 
  4  16  14   1   3   0  20  15  10  29  25   5  11  12   9  23  24  37   2   6  21  38  32  35  18  19  17  28   7  33  30  22  31  27  39  34   8  26  36  13 
 16   4  14   3   1   0  15  10  20  29  25  11   5  12  23  24   9   2  37   6  21  32  35  38  18  19  28  17   7  30  22  33  27  31  39   8  34  36  26  13 
 16  14   4   0   3   1  15  29  10  20  25   6  11   5  12  23  24   9   2  37  35  21  32  18  38  19  30  28  17   7  22  27  33  31   8  39  26  34  36  13 
 16   4  14   0   1   3  15  10  29  25  20  11   5  12  23  24   6   2   9  35  21  37  18  32  19  30  28  38   7  22  27  17  31  33  39   8  26  36  13  34 
 16  14   4   1   0  29   3  15  10  20  25  11  24   5  12  23   9   6   2  18  35  21  37  32  28  19  30  38  17   7  22  27  33  31   8  39  34  26  36  13 
 16   4   1   0  14   3  15  10  29  25  20  24   5  12  23  11   6   2   9  35  18  37  21  28  32  30  38  17  19  22   7  33  31  27  39   8  26  36  13  34 
 16   4  14   1   0  29   3  15  10  20  25   5  24  11  12  23   9   6   2  21  35  18  37  19  28  32  30  38  17  27  22   7  33  31  39  26   8  13  36  34 
  4  16   1   0  14   3  29  15  20  10   5  25  11  24  23   9   6   2  12  35  18  21  37  28  19  30  38  32  17  22   7  27  31  39  33  26  13  36   8  34 
  4  16   0   1  29  14   3  15  10  20   5  25  24  11  12  23   9   6   2  21  35  18  28  37  30  19  32  38  17   7  22  27  26  31  39  33  36  13   8  34 
 16   4   1   0  29   3  14  15  20  10   5  24  25  11  23  12   6   2   9  21  18  28  37  35  30  19  32  17   7  22  38  26  27  39  33  31  36   8  34  13 
  1  16   4   0   3  29  10  14  15  20   5   9  24  25  11  23  12   6   2  18  21  37  28  35  17  30  19  32  38   7  22  27  26  39  31  33  36  13   8  34 
  1   4  16   0  29  10  14   3  20  15   5  24   9  25  11  12   6   2  23  21  37  28  18  17  30  19  35  38  32  22  27  26  39   7  33  36  31   8  34  13 
  1  16   4  29   0   3  10  14  15  20  24   5  25   9  11   2  12   6  23  37  21  30  28  18  17  35  19  38  32  22  26  27   7  39   8  33  36  31  13  34 
 16   4   1   0  29   3  14  15  10  24  20   5  25   9  11  12   6   2  23  21  37  28  30  18  17  19  38  35  22  26  27  32  39   7  33  36   8  31  34  13 
  1  16   4  29   0   3  15  14  10  20  24   5  11  25   9   6  12  23   2  37  21  28  18  30  17  35  19  38  26  22   7  27  32  39  33  34  36   8  31  13 
  1   4  16   0  29  15   3  14  20  10  24  11   5   9  25   6  23  12  37   2  21  18  28  17  30  19  38  35  22   7  27  32  26  39  34  33   8  31  36  13 
  4   1  16   0  29   3  15  14  10  20  24  11  25   5   9  12   6  23   2  37  28  21  18  17  39  30  19  38  35  22   7  27  32  26  33  34  13   8  31  36 
  4  16   1  29   0   3  15  14  20  10  11  25  24   5  12   6   9   2  23  37  21  28  17  18  30  19  38  35  22   7  27  32  26  39  34  33   8  13  36  31 
 16   4   1   0  29   3  15  10  14  20  24  11  25   5  23  12   6   9   2  37  21  28  22  17  18  30  19  38  35  39   7  27  32  26   8  34  33  36  13  31 
  4  16   1   0   3  29  15  10  20  14  11  25  24   5  12  23   9   2  37   6  21  28  17  22  30  18  19  38  39   7  27  35  26  32  34   8  36  13  31  33 
  4   1  16   3   0  15  29  25  10  20  14  11  24  12   5  23   6   9   2  37  21  28  17  38  22  30  18  19  39  34   7  27  35  26  32  33   8  36  13  31 
  4  16   1   0   3  15  29  10  25  14  11  24  12   5  20  23   9   2   6  21  37  28  38  17  30  22  19  39  18   7  27  35  34  32  33  26  36  13   8  31 
  4  16   0   1  15   3  10  29  14  25  11  12  24  20   5   9  23   6   2  21  28  37  30  38  17  18  22  19  39  27   7  32  35  34  26  33  36  31  13   8 
 16   4   1   0   3  15  10  29  25  11  14  24  20  12   5  23   6   2   9  21  37  30  38  17  28  22  19  18  27  39   7  35  34  26  33  36  31  13   8  32 
 16   0   4   1  15   3  10  29  11  25  14   5  24  20  12  23   2   6   9  21  38  37  30  28  17  22  19  27  18  34  39   7  35  33  26  36  32  31  13   8 
  0   4   1  16   3  15  29  11  10  14  25  24   5  12  20   2  23   6  21   9  38  30  28  37  22  17  27  19  18  39   7  35  34  33  36  32  26  31   8  13 
  4   0  16   1  15   3  29  10  11  14  23  25  24   5  12  20   2   6   9  21  30  38  22  28  37  27  17  18  19  34  39   7  35  33  26  36  32   8  31  13 
  0  16   4   1   3  29  15  10  14  11  25  23  24   5  20  12   2   9  21   6  38  30  28  37  22  17  27  19  34  18   7  39  35  26  33  32   8  31  36  13 
  0   4  16   1   3  15  29  10  11  14  24  25  23  20   5   2  12  38   9  21   6  28  30  22  37  27  17  19  18  34  39   7  26  35  33   8  32  13  31  36 
  4   0   1  16  15   3  10  29  11  24  25  14  23  20   5  12  38   2   9   6  21  28  30  37  27  17  22  18  34  19   7  26  35  39   8  32  33  31  36  13 
  4  16   0   1  29  15   3  10  24  11  25  23  14  20   5  38  12   2   6   9  30  21  28  27  37  22  17  18  19  34  35   7  26   8  39  33  32  31  13  36 
  4   0   1  16  29  15  10   3  11  24  23  25  20   5  14  38   2   6   9  12  21  30  27  37  28  17  18  22  34  19   7  35   8  26  33  32  39  13  36  31 
  4   0  16   1   3  29  15  10  11  23  24  25  14  20   5   2  38  12   6   9  30  21  28  27  37  22  17  18   7  34  19  35  32   8  26  33  13  39  31  36 
  0   4   1   3  29  15  16  11  10  24  23  25  14  20   2  38  12   5   9  30  21  28   6  37  27  17  18  22   7  19  34  35  32  26  33   8  39  31  36  13 
  1   0   4   3  29  16  15  10  11  24  25  23  14   2  20   5  38  12  27   9  30  21  28   6  37  22  17  18   7  34  19  26  35  32  33   8  31  39  13  36 
  0   4   1   3  16  15  29  10  24  11  23  25  14  20   2  38  12   5   9  27  21  28   6  30  22  17  18   7  37  34  26  19  32  33   8  35  31  39  36  13 
  4   0   1   3  16  29  15  11  10  24  23  14  25   2  20  38   5  12  27   9  21   6  28  30  17  22  37  18   7  34  32  26  19  33  35   8  39  31  13  36 
  4   1   0   3  16  15  29  10  11  24  23  25  14  20   2   5  12  38   9  21   6  28  27  30  22  17  37   7  34  32  26  19  33  18   8  35  31  39  36  13 
  4   0   1  16   3  29  15  11  10  24  23  14  25   2  20   5  38  12   9   6  21  19  28  27  30  22  17  37   7  34  32  26  18  33  35   8  13  31  39  36 
  4   1   0   3  16  15  29  11  10  24  14  23   2  20   5  38  25   9  12  21   6  28  27  19  30  22  37  17  34  32  26   7  33  18   8  35  31  39  13  36 
  1   4   0  16   3  15  14  29  11  10  24  23  20   2   5  25  38   9   6  12  21  27  28  22  19  30  37  34  17   7  32  26  18  33  13   8  35  31  39  36 
  4   1   0  16  15   3  29  11  14  24  10  23  20   5  25   2   9  38   6  12  21  27  22  19  30  37  34  17   7  28  26  32  33  18   8  13  31  39  36  35 
  1   4   3   0  16  15  11  29  23  14  24  10  25  20   5   9   2  38  12   6  21  22  27  28  19  30  37  34  17   7  26  33  32  13  18   8  31  35  39  36 
  4   1   0  16  15  11   3  29  14  24  10  23  20  25   5   9  38   2  12   6  22  27  21  28  19  37  34  30   7  17  26  32  33  18   8  31  13  39  36  35 
  4   1   0  15  16  29  11   3  24  14  23  10  25  20   9   5   2  38  12  21   6  22  27  28  34  19  37  17  30   7  32  26  33   8  18  13  31  35  39  36 
  1   4  15   0  29  11  16  24   3  14  23  10  20   9   5   2  38  25  12   6  21  27  22  28  19  34  37  30   7  17  32  33   8  26  13  18  35  39  31  36 
  1   4  29  15   0  24  11  16   3  23  14  20  10   9   5   2  25  38  12  21   6  22  27  34  28  19  30  37  18   7  17  32  33   8  26  13  35  31  39  36 
  1   4  15  29   0  24  16   3  11  14  23  10   9   5  20  25  38   2  12  21   6  27  34  28  22  19  30  37   7  18  32  33  17  26   8  13  31  39  35  36 
  1   4  15  29   0  16  24  11   3  14  10  23  20   9   5  25   2  38  12   6  21  27  22  34  28   7  19  30  37  33  18  32  17   8  26  36  13  31  39  35 
  1  15   4  29  16  24   0  11  14   3  23  10  20   5   9   2  38  25  12  21   6  22  27  28  34  19  30  37   7  33  32  18   8  26  17  13  36  39  35  31 
  4   1  15  24  29  16  11   0  14  10   3  23   5  20  12   9   2  38  25  21  19   6  22  27  28  34  30  33  37   7  32  13  18   8  26  17  36  35  39  31 
  1   4  15  29  16  11   0  24  10  14  23   3  20   5   9   2  38  12  25  21   6  22  19  27  34  28  30  37   7  33  13  18   8  32  17  26  35  39  31  36 
  1  15   4  29  24  16  11   0  14  10   3  23  20   9   5  38   2  25  12  22  21   6  34  19  27  28  30  33  37   7   8  13  18  17  32  26  39  35  36  31 
 15   4   1  24  16  11  29  14   0  10  23   3   9  20  38   5  25   2  12  21  22  34  19   6  28  27  30  37   7   8  13  18  17  33  26  39  32  36  35  31 
  1  15   4  24  16  29  11  10  14   0   9  23   3   5  20  38  25  12   2  19  21  22  34  28   6  30  27   8  37   7  18  13  33  17  32  26  39  35  36  31 
 15   4   1  24  16  29  10  14   0  11   9   3  23   5  38  25  12   2  20  21  19  34  22  28  30   6   8  37  27   7  13  33  18  17  26  39  32  36  35  31 
  4  15   1  29  24  16  10  11  14   0   3   9  38  23   5  25  20  12   2  21  34  19  22  28   6  30  37   8   7  27  33  13  17  18  26  32  39  35  36  31 
  4  15   1  24  29  16  10  14   0  11   9   3  23   5  38  25  20   2  12  21  19  22  34  28  30  37   8   6  27   7  13  17  18  26  32  39  33  35  36  31 
  4  15  16   1  24  29  10   0  14   9  11   3   5  23  38  25  12  20   2  21  28  19  22  34  37  30   6   8   7  27  13  18  17  32  26  33  39  36  35  31 
 15   4   1  16  24  10  29  14   0  11   9   5   3  38  23  12  20   2  21  28  19  22  34  25  30   6   8  37  27   7  18  13  17  26  32  39  36  35  33  31 
  4  15   1  16  24  29  10   0  14   3  11   9   5  38  23  12  20  21   2  25  28  19  22  34  37  30   6   8  27  18   7  26  13  17  32  39  33  36  35  31 
 15   1   4  16  29  24   0  14  10  11   9   3  38   5  12  20  23   2  25  28  21  22  34  37  30   6  19   8  18   7  27  13  17  32  39  33  26  35  31  36 
 15  29   1   4  16   0  24  10  14  11   9   3   5  38  12  23  20   2  28  25  22  21  19  34  37  30   6   7   8  18  27  26  13  17  32  39  33  31  35  36 
 15   1   4  16  29  24  10  14   0   9  11   5   3  12  23  38  20  28   2  22  21  25  34  19  30  37   7   8  18   6  27  26  17  32  39  33  13  31  36  35 
  1  15   4  16  29  10  24   0  14   5   9  11   3  38  12  23  28  20   2  21  22  34  25  37  19  30   7   6   8  18  17  27  26  32  39  13  33  35  31  36 
 15   1   4  29  16  24   0  10  14   5   9   3  11  12  23  38  20   2  28  21  34  22  37  19  30   7  25   8  18   6  27  26  17  39  32  33  13  31  36  35 
 15   1   4  29  24  16  10   0  14   9   5  11   3  38  12  23  28  20   2  34  21  22  19  37  25  30   7   6   8  18  17  27  26  33  39  32  35  13  31  36 
  1  15  29   4  16  10  24   0  14   5  11   3   9  38  23  12  20  28   2  21  34  19  22  25  30  37   7   8  18   6  27  26  17  33  39  32  35  31  36  13 
 15   1   4  29  10  16  24   0  14   3   5  11   9  23  38  28  12  20  19   2  21  34  25  22  30   7  37   6   8  18  26  27  39  17  33  32  35  31  13  36 
 15   4  29  10   1  16   0  24  14   3   5   9  11  38  28  12  20  23   2  21  34  25  22  30   7  19  37   8   6  18  26  27  17  33  39  32  31  13  35  36 
 15   4   1  29  10  16   0  24  14   3   5   9  11  12  38  28   2  20  23  21  34  22  25  30  19   7  37   6   8  27  18  26  39  17  33  31  32  36  13  35 
  4  15   1  10  29  16  24   0  14   5   3   9  11  38  28  12  20   2  21  23  22  34  30  19  25   7  37   6  27   8  26  39  17  33  18  32  31  36  35  13 
 29   4  15   1  10  24  16   0  14   5   3   9  11  12  38  28  20   2  23  21  34  22  30  19   7  25  37   6   8  27  26  18  39  17  33  31  32  13  36  35 
  4  15  29  10   1  16  24   0   5  14   3  11  12  38   9  28   2  20  23  34  22  21  19  30   7  37  25   8  27   6  18  39  26  33  17  32  31  36  35  13 
 15   4  10  29   1  16  24   5   0  11  14   3  38  12  28   9   2  20  22  23  34  21  30  19  25   7  37   8   6  27  33  18  39  26  31  17  32  13  36  35 
  4  10  29  15   1  16   5   0  24  14  11  38   3  28   9  12   2  22  23  34  20  30  21  19   7  37  25   6   8  33  18  39  26  31  27  32  13  17  35  36 
 29   4  10  15  16   1   5  14   0  24   3  11  38   9  28  12  22   2  23  20  34  21  30  37  19   7   8  25   6  18  33  39  13  26  31  27  32  36  17  35 
  4  10  29  15   1  16  14   0   5  24  11  38   3   9  12  28   2  23  22  34  21  20  37  30   7  19  25   8   6  18  39  33  26  31  27  32  36  13  17  35 
  4  29  10  15  16   1  14   0   5   9  24  11  38   3  23  12  28   2  22  37  34  21  20  19  30   7  25  18   8   6  31  39  33  26  36  27  32  13  35  17 
 29  10   4  15  16   1   0  14   5  24   9  38   3  11  23  28   2  12  22  34  37  20  21  19   7  25  30   8   6  31  39  33  26  18  27  36  13  35  32  17 
  4  29  10   1  15  16  14   0  24   5  38   9  11   3   2  23  28  37  12  22  34   7  20  21  19  30  25  39   8   6  31  33  32  26  18  27  36  13  35  17 
  4  10   1  15  16  29  14  24   5   0  38  11   3   2  23   9  37  12  28  34  22  20  21   7  19  25  39  30   8  31  33   6  26  18  27  32  36  35  17  13 
  4  29  10   1  15  16  14   5  24   0  38   2  11   3   9  23  12  37  22  28  34  20   7  21  25  19   8  39  30  31  33  18   6  26  27  13  32  36  35  17 
  4  10   1  29  16  14  15  24   0   5   2  11   3  38   9  23  12  22  37  28  20  34  21   7  19   8  25  30  31  39  18  33  26   6  27  32  36  35  17  13 
  4  29  10   1  14  16  15   0  24   5   3   2  11  38  22   9  23  12  28  37   7  20  34  21   8  19  30  25  33  31  39  18  26   6  36  27  32  35  13  17 
  4  10   1  14  29  15  16  24   5   0   3  11  38   2   9  23  12  22  28   7  20  37  34   8  21  30  25  19  31  33  39  26   6  36  27  18  35  32  13  17 
  4   1  10  29  14  24  15  16   3   5   0  38  11  12   2   9  23  22   7  28  20  37  34  21   8  30  25  33  19  31   6  39  26  27  36  32  18  35  17  13 
  4   1  29  14  24  10  16   3   5  15  38  11   0   2   9  12  22   7  28  23  20  34  37   8  30  21  33  25  31  19   6  39  27  26  32  18  35  36  17  13 
  4   1  29  14  10  24   3  16  15   5  38   0  11   9   2  12   7  22  34  28  23  20   8  37  30  21  25  33  31  26  19   6  39  27  32  36  18  35  13  17 
  1  29   4  14  10  24   3  15   5  38   0  11   9   2  16  12   7  34  28  22  20   8  37  30  23  25  21  31  26  19   6  39  33  32  27  18  35  13  17  36 
  1   4  29  14  10   5  24   3  15  16  38   0  11   9   2  12  34   7  22  28  20  23   8  37  30  21  25  19  31  26   6  27  39  33  32  35  18  36  13  17 
  1  29   4  10  14  24   5   3  15  16   0  38   9  11   2  34  12   7  28  22  23   8  37  20  30  25  21  19  26  31  27  39  33  32   6  18  35  13  17  36 
  1   4  29  10  14  24   3   5   0  15  16  11  38   9   2  12  34  22   7  28   8  23  37  25  20  30  31  21  19  26  39  27  18  33  32   6  36  35  13  17 
  4  29   1  10  14  24   5   3  15   0  11  38  16   2   9  34  12   7  22   8  23  37  28  20  25  31  21  30  26  39  27  18  33  32  19   6  35  36  17  13 
  4  29   1  10  14  24   0   5   3  15  16  11  38   2  34   9  12   7  22   8  28  23  37  20  25  26  31  21  30  27  39  19  18  33  32  35   6  17  36  13 
 29   4  10   1  24  14   5   3   0  15  11  16   2  38   9  34   7  22  12  28   8  37  23  20  25  31  26  30  21  39  19  18  33  32  27   6  35  36  13  17 
 29  10   4   1  14  24  15   5   3   0  16  11  38   2   9  34  12   7  22  28  23   8  37  20  25  19  31  26  30  21  39  18  27  33  32  35   6  17  36  13 
 10   4  29   1  24  14  15   3   0  16   5  11  38   9  34   2   7  22  12  23  28   8  37  20  25  31  26  30  21  39  19  27  18  32  33   6  35  36  13  17 
 10   4  29   1  14  24  15   0   3   5  16  11   7  38   9  34   2  22  23  12  37  28   8  25  20  26  31  19  30  21  39  27  33  18  32  35   6  17  36  13 
 10  29   4  14   1  24  15   0   5   3  11   7  38   9  16   2  22  34  12  37  28   8  23  20  26  25  31  19  30  39  21  27  18  32  35  33   6  36  17  13 
 29  10   1   4  14  24   0  15   5   3  11   9   7  38  16   2  34  22   8  12  37  28  30  23  20  26  25  31  19  39  27  21  33  18  32  35  13   6  36  17 
 29  10   4  14   1  24  15   0   5   3   9   7  38  16   2  11  22  34   8  37  12  28  23  20  26  25  30  31  39  19  21  33  18  32  35  27   6  13  36  17 
 29   4  10  14   1  24   0  15   9   5   3  38   7  11  16   2  22  34  37   8  12  23  28  39  20  26  25  30  31  21  19  32  33  18  27  35  17   6  13  36 
 29  10  14   4   1   0  15  24   5   3  38   7   9  11   2  22  34  37   8  16  12  28  23  20  26  25  30  39  31  21  32  19  18  33  35  27   6  13  36  17 
 10  29   4  14   1  15   0   5  24  38   3   9   7  11  22   2  34  16  37   8  12  23  28  20  25  26  39  30  31  19  21  32  13  18  33  35  27   6  36  17 
 29   4  14   1  10   0  15  24  38   5   9   3   7  22   2  11  16  37   8  12  34  28  23  25  20  39  26  30  31  21  32  19  18  33  13  35  27  36   6  17 
 29   4  10  14   1  15   0  24   9  38   5   7   3  11  22   2  37  16  34   8  12  23  28  25  20  39  30  26  32  31  21  18  19  13  33   6  35  27  36  17 
 29  10  14   4   1  15  24   9   0   5  38   3   7  22   2  11  16  34  37  12   8  28  23  20  25  30  26  32  39  21  31  18  19  33  13  35   6  36  27  17 
 29  10   4  14   1  24  15   0   9   5  38   7   3   2  22  11  34  16  12  37   8  23  28  25  20  39  30  26  32  21  33  31  18  19  35  13  17   6  36  27 
 10   4  29  14   1  15   0  24   5  38   9   3   7  22  11   2  16  34  37   8  12  28  25  23  20  30  39  26  21  32  31  33  19  18  35  13   6  36  27  17 
  1  10   4  29  14  15  38   0  24   5   9  22   3   7  37  11   2  16  34   8  12  23  28  25  30  20  26  39  21  31  32  18  33  19  13  35   6  17  36  27 
 10   4   1  14  29  15   0  38   5   9  22   3  24  37  11   2  16   7   8  34  23  12  25  28  20  30  39  21  26  31  18  33  32  19  13   6  17  36  27  35 
  4  10   1  14  15  29   0   5  38   9  22  24   3  11  37   7   2  16   8  12  34  23  30  25  28  20  18  39  21  26  31  33  32  13  19  35   6  17  36  27 
 10   4   1  15  29  14   0  38   5   9  24  22  11  37   3   7  16   2   8  34  12  23  25  28  20  30  39  21  26  31  33  18  32  13  19   6  17  36  27  35 
 10   4   1  15  38  29  14   0   5  22   9  24   3  11  37   7  16  23   2   8  34  12  20  25  28  30  39  26  21  18  31  33  19  32  13  17   6  36  35  27 
  4  10  15  38   1  14   0  29  22   5  24   9   3  11  37   7  16   2  23   8  12  34  25  20  30  28  26  39  18  21  33  19  32  13  17   6  31  36  27  35 
 10   4   1  15  38  14  29   0  22   5   9  24  11   3   7  37   2  16  23  34   8  12  25  30  20  18  28  26  39  33  21  19  32   6  13  17  31  35  36  27 
 10   4   1  15  38  29   0  22  14   5   9  24  11   3  37   7   2  16  34   8  12  25  23  30  18  20  26  39  28  21  19  33   6  13  32  31  17  36  27  35 
 10   4  15   1   0  38  29  14  22   9   5  24  37  11   3   2   7  34  16  23   8  12  25  30  28  18  20  26  39  33  21  19   6  31  13  32  35  17  36  27 
  4  10  15   1  38  29  14  22   0   5   9  37  11   3  24   2   7  16  34   8  12  25  30  23  18  28  26  39  20  21  33   6  31  19  32  13  17  36  27  35 
 10   4   1  15  29  38  14   0  22   5   9   3  37  11   2  24  34   7  16  23   8  12  25  30  18  26  28  20  39  33  21  32   6  31  19  27  13  17  36  35 
 10   4  15   1  38  29   0  14  22   5   9  37  11   3  24   2  34  16   7  23   8  25  12  18  26  30  20  39  28  21  33   6  31  32  19  13  17  36  35  27 
  4  10   1  15   0  38  29  14  22   9   5   2  37  11   3  24  16  34  23   7   8  25  12  30  18  26  20  21  39  28  33  17   6  31  32  19  13  27  36  35 
 10   4  15   1  38   0  14  22  29   5   9  37  11   2  24  16   3  34   7   8  23  25  12  18  26  30  21  39  28  20  33   6  31  17  19  13  32  36  35  27 
 10  15   4   1  38   0  14   5  22  29  37   9  11   2  24   3  16   7  34  18   8  23  25  12  26  30  20  21  39  28  31  33   6  36  17  19  13  32  27  35 
 15   4  10   1   0  38  14  22  29   5   9  11  37   2  24  16   3  34  18   8  23  25  12  26   7  30  21  39  28  20  31   6  36  33  19  17  32  13  35  27 
  4  15  10   0   1  14  38   5  22  29  37   9  11   2  16  24   3   8  34  18   7  23  25  12  26  30  21  20  39  28   6  31  17  36  33  19  32  35  13  27 
  4  15  10   1   0  14  38  22   5  37   9  11  29  16  24   3   2  34   8  18  23  25   7  26  12  21  30  39  28   6  31  17  20  33  19  36  32  13  35  27 
  4  10  15   1   0  14  22  38   5  29  37   9  11   3  16  24   2   8  34  25  18  23  26   7  12  21  39  30   6  28  20  31  17  33  36  19  13  32  35  27 
  4  10  15   1  14  22  38   5   0  37   9  11  29  16  24   2   3  34  25  18   8  26  23   7  12  39  30  21   6  20  31  28  33  17  36  13  32  35  27  19 
  4  15  10   1  14  22  38   0   5   9  37  29  11  24  16   3   2   8  34  25  18  26  12  23   7  21  39  30   6  20  17  31  28  33  35  36  13  32  19  27 
  4  15  10  14  22  38   0   1   9   5  29  37  11  24  16   3   8   2  25  18  26  12  23   7  34  21  30  39  20  17   6  28  31  33  36  13  35  32  27  19 
 15   4  10  14   1  22  38   0   9  29   5  11  37  24  18  16   3   8   2  25   7  26  12  23  34  30  21  39  17  20   6  31  28  13  33  36  27  35  32  19 
 15  10  14   1   4  38  22   0  29   9  11  37  24   5  16   3  18   2  25   8  26  12   7  23  30  34  21  17  20  39  31   6  28  13  36  33  35  32  19  27 
 15  10  14   4   1  38   0  22   9  29  11  37  24   3   5  16  25  18   2   7   8  26  12  23  34  30  20  21  17  39   6  31  28  36  13  33  27  35  32  19 
 15  14   4  10  38   1  22   0   9  11  29  24  37   5  16  25  18   2   3   8   7  26  23  34  12  30  21  20  39  17  31   6  36  28  33  13  35  32  19  27 
 15  14   1   4  10  38  22   0   9   5  11  29  24  37  25  16  18   3   2   8  26   7  23  12  34  17  30  21  20  39  36  31   6  13  28  33  35  19  32  27 
 15   1   4  14  38  10  22   9   0  11   5  24  37  29  16  18  25   3   8   2   7  26  12  34  23  30  21  20  39  17  36   6  31  28  33  13  19  35  27  32 
 14  15   1   4   0  38  10  22   9   5  11  29  24  37  18  16  25   3   2   8   7  34  26  12  17  23  30  21  20  39   6  36  31  13  28  33  27  19  35  32 
 15  14   4   1  38   0  10  22   9  11   5  29  37  18  24  25  16   2   3   7   8  26  12  34  23  30  17  21  39   6  20  31  36  28  13  27  19  35  33  32 
 14  15  38   4   1  10   0  22   9   5  11  37  29  24  18  16  25   3   2   7   8  12  26  34  30  23  21  17  20  39   6  36  31  28  27  13  33  19  35  32 
 14  38   4   1  15   0  22   9  10  11   5  37  24  29  16  18   3   2   7  25  12  26   8  30  34  21  17  23  39   6  20  31  28  36  13  33  27  35  32  19 
 14   4  38  15   1  22   0  10   9   5  11  24  37  18  29  16  25   3   2   7  12  26  23   8  30  34  21  17   6  39  36  20  31  28  13  33  32  27  35  19 
 14  38  15   4   1   0  22   9  10  11   5  37  24  18  29  25   3  16   7  12  26  23   8  30   2  34  17   6  39  21  20  31  28  13  33  36  27  35  32  19 
  1  14  38  15   4  22   0   9   5  10  11  37  24  29  18   3  25   7  16  12   8  26  23   2  30  34  21  17   6  39  28  20  31  36  13  33  32  27  35  19 
  1  38  15   4  14   0  22   9  10  11   5  37  24  18   3  25  29   7  16   8  26  23  12  30  34   2  17  21   6  28  20  31  39  13  33  32  36  35  19  27 
 38   1  15  14   4   0  22   9  11  10  37   5  24  25  18   3   8  29   7  16  12  26  23  17  30  34   2  21  28   6  39  20  31  33  13  35  32  36  27  19 
 38  15   1  14   0   4  22  11  10  37   9  24  25   5   3   8  29   7  18  12  16  23  17  26  34   2  30  21   6  28  20  39  33  13  31  32  36  35  19  27 
 38  15   1  14   4   0  22  10  11   9  37   5  24  25   3  18   8  29   7  23  12  16  30  17  26  34   2   6  21  28  20  39  32  33  13  31  35  36  27  19 
 38  15  14   1   4  22   0  11  10  37   5  24   9  25   3  18  29   8   7  12  23  30  16  26  17   2   6  21  34  20  28  32  33  13  31  39  36  27  35  19 
 38   4  15  14   1   0  22  11  37  10  25   5  24   9   3  29  18   7   8  30  12  23  17  16  26   6   2  34  21  20  28  33  32  39  13  31  27  36  19  35 
 38  15   4  14   0  22   1  11  10  37   5  25   9   3  24  18   7  29  30  12  23   8  16  17   6   2  26  34  20  21  33  32  28  13  39  27  36  19  35  31 
 38   4  15  14  22   0   1  11  37  10   9   5  25  24   3  29  18   7  30   8  12  23  17  16  34   6   2  26  20  21  32  33  39  28  13  27  36  31  19  35 
 38   4  14  15  22   1   0  37  11   9  10  25   5  24  29   3   7  18  30  12  23  17   8  16  34   2  26  20   6  21  32  33  28  13  27  39  31  36  35  19 
  4  38  15  14  22   1   0  11  37  10   9   5  25  29  24   7   3  30  18  12   8  23  17  16  34  26   2  20  32   6  21  28  33  31  13  27  39  35  36  19 
 38  15  14   4   1  22   0  11  37   9   5  25  10  24  29   3  30  18  12   7   8  23  17  34  26   2  16  32  20  21   6  28  31  13  33  39  27  35  19  36 
 38  15   4  14  37   1  22   0  11   9   5  29  25  10  24  18   3  30   7  12   8  17  23  34  20  26   2  16  32   6  21  13  28  31  19  33  39  27  35  36 
 38   4  14  15   1  37  22  11   0   5   9  25  10  24  29   3  30  18  12   8  17  23  34  20  26   7  16   2  32  21   6  13  31  19  28  39  33  27  35  36 
 38  14   4   1  15   0  37  22  11   9   5  29  25  10  24   3  34  30  18  12   8  17  23   7  20  26   2  16  32   6  21  31  13  28  19  36  39  33  27  35 
 38   4   1  14  15  37   0  11   9   5  29  25  22  24  10   3  30  18  12  34   8  23   7  17  26  20   2  16  32   6  31  21  28  19  13  39  36  33  35  27 
  4  38   1  15  14  37  11   0   5   9  22  29  25  10  24  30   3  12  18   8  34  17  23   7  20  26  32   2  16  21   6  31  13  28  19  36  39  27  33  35 
 38   1  15  14   4  37   0  11   5  22   9  29  10  25  30  24  12  18   3  34   8  23   7  20  26  17  32  16  21   6   2  31  28  19  13  36  39  33  27  35 
 38   4   1  15  14  22  37   0  11   5   9  29  25  10  24  30  12   3  18  34   7   8  23  17  20  26  21  32  16  31   6   2  36  28  19  13  35  39  33  27 
 38   1  15   4  14  37   0  11   5   9  22  25  10  29  30  24   3  18  12  34   7  23  17   8  20  26  32  16  21   6   2  31  36  28  13  19  39  33  27  35 
 15  38   1   4  14   0  37   5  11   9  22  10  25  29  24  30  34   3  18  12  17   7  23  26   8  20  32   6  16  21  36   2  31  19  28  13  27  39  33  35 
 38  15   1  14   4  37   5  11   0   9  10  22  29  24  30  25  34  18  12   3   7  23  17  26  20  32   8   6  21  16  36  31   2  28  13  19  39  33  35  27 
 38   1  15  14   5   4  37   0  11   9  22  10  29  34  24  30  25   3  18  12   7  17  23  20  26  16  32   8   6  21  36   2  31  33  28  13  19  39  27  35 
 38   1  14  15   4   5  37  11   0  22   9  29  10  24  30  25   3  18  12  34   7  23  20  26  17  32  16   6   8  36   2  21  31  33  13  19  39  27  35  28 
 38   1  15  14   4   5   0  37  11   9  22  10  29  30  24  25   3  18  34  12  23   7  20  26  17  32  36  16   6   8  21   2  31  35  33  13  19  39  27  28 
 38   1  15  14   5   4  37  11   9   0  10  29  30  22  25   3  18  34  12  24   7  20  23  26  32  36  16   6   8  21  17   2  31  33  13  35  39  27  28  19 
  1  38  14  15   5  37   4  11   0   9  22  10  29  30  18  25   3  34  24  12  20   7  26  23  32   8  36  16   6  17  21   2  31  13  33  35  19  39  27  28 
 38   1  15  14   5  37   4   0   9  22  11  10  29  30  25  18  34  24   3  12   7  20  26  32  23   8  16   6  17  36   2  21  13  31  33  19  39  27  35  28 
  1  38  15   4  14   5  37   9   0  10  22  11  30  29  34  25  18  12  24   3  20   7  23  26  32  13   8  16   6  17  36   2  21  31  33  27  19  39  28  35 
  1  15  38  14   4   5   9   0  37  22  11  10  30  34  29  18  25  12   3  20  24  23  26  32   7   8  16   6  17  36  13  21  31   2  27  33  39  19  35  28 
  1  38  15  14   5   4  37   9   0  22  12  11  10  30  34  29  18  25  24   3  20   7  23  26  32  16   8   6  36  17  21  13   2  31  28  27  33  39  19  35 
 38  15   1   5  14   4   9  37  22   0  11  10  12  30  29  34  25  18   3  20  24  23   7  32  26   8   6  36  17  16  21   2  31  13  27  33  28  19  39  35 
 38   1  15  14   5  37   4   9   0  22  12  11  10  30  29  18  34  25  24   3  20   7  23   8  32  26  31   6  36  17  16  21   2  28  13  27  33  39  19  35 
 38   1  14  15   5  37   4   9   0  12  22  10  11  30  18  34  25  24  29  20   3  23   7  32  26  31   6   8  17  36  16  21  28  13  27   2  39  19  33  35 
 14  38   1  37  15   5   9   4   0  10  12  22  30  11  18  29  34  25  24  20   3  32  23   7  26  31   8   6  36  17  21  16  28   2  13  27  39  35  19  33 
 14  38   1  15   5  37   4   0   9  12  22  10  11  30  29  18  25  24  20  34  32  23   3   7  31   8   6  26  17  36  16  21  28  13  27  39  35  19  33   2 
 14   1  38   5  15   9  37   4   0  10  12  22  11  29  30  25  18  34  24  20  32  23   3   8   7  31  28   6  26  17  36  16  21  39  13  27  35   2  19  33 
 14  38   1  15   5  37   4   0   9  12  22  10  11  29  25  18  34  24  20  30  32   3  23   7  31  28   6  26  17  36  16  21   8  13  27  39   2  35  33  19 
 14   1  38   5  15   4  37   9   0  22  12  11  10  29  18  25  34  30  24  20  32  23   3   7  16  31  28   6  26  17  36   8  21  13  19  27  39   2  35  33 
  1  14  38  15   4  37   5   0  22  12   9  10  11  29  25  18  34  30  20  24  32  23   7   3  31  28  16  26  17  36   8   6  21  19  27  39  13  35  33   2 
 14   1  38  15   5   4  37  22   0   9  12  11  10  29  18  25  30  34  20  32  24  23  26   7   3  31  28  16  21  17  36   8   6  27  19  13  39  33  35   2 
 14  38  15   1   5  37   4   0   9  22  11  10  12  18  25  30  34  29  20  24  32  23   7   3  26  28  16  31  17  21   8  36  27   6  13  39  33  35  19   2 
 14  38   1  15  37   5   0   4  22   9  11  18  10  12  29  25  30  34  20  26  24  32  23   7   3  28  17  16  31  27  21   8  36  13   6  19  39  33  35   2 
 38  14  15  37   1   0   4   5   9  11  22  10  12  18  25  29  34  20  30  24  32  26  23   3   7  28  17  31  16  21   8  36  13  27  19   6  33  39  35   2 
 14  38   1  15  37   5   0   4   9  22  11  29  10  12  18  25  34  30  20  32  24  26  23   7   3  28  31  17  21  16  13   8  36  27  39  19   6  33  35   2 
 38  14  15  37   1   5   4   9   0  11  22  10  12  18  29  25  30  20  34  24  32  23  26   3  28  31  17   7  16  21   8  36  27  39  13   6  33  19   2  35 
 14  38  15  37   4   1   5   0   9  10  11  22  18  12  25  29  30  20   3  34  24  32  23  26  31  28   7  17  16   8  21  35  36  27  39  13   6  33  19   2 
 38  14  15   4   1   5   0  37   9  11  10  18  22  25  12  30  20  29  34  24  32   3  26  23  28  31  17  16   8  21   7  36  27  39  35   6  13  19  33   2 
 14  38  15   4   0   1   5  37   9  10  11  18  22  12  25  20  30  32  29  34  24   3  23  26  31  28   7  17  16   8  21  35  36  27  39   6  33  13  19   2 
 14  38  15   0   1   5  37   9   4  11  18  10  22  12  20  25  30  32  34  29  24  23   3  31  26  28  17   7  16  21  35  36   8  39   6  33  27  19  13   2 
  4  14  38  15   0   1   5  37   9  10  11  18  12  22  25  20  32  30  34   3  29  24  23  31  28  26  17  36   7  16  21  35   8  33  39   6  27  13  19   2 
 14  38   4  15   0   1  37   5   9  10  11  18  22  12  25  20  30  34  32   3  24  23  29  28  31  17  26  36   7  21  35   8  33  39   6  27  16  19  13   2 
 38  14  15   4   0   1   9  37   5  10  11  22  18  30  12  25  20  24  34  32   3  23  29  31  28  36  17  26  33   7  21  35   8  16  39   6  27   2  19  13 
 14  38  15   4   1   0  37   5  10   9  22  18  11  12  25  30  20  34  32  24  23  29  31   3  36  28  26  17   7  33  21   8  35  16   6  27   2  19  13  39 
 15  14  38   1   4  37   0   5   9  10  22  18  11  30  12  25  20  32  34  29  24  23   3  31  28  36   7  26  17  21  33  35   8   2  16   6  27  19  39  13 
 14  38  15   1   4   0   5  37  10  22  18   9  30  11  25  20  12  32  34  24  23   3  29  31  28   7  26  17  36  33  35  21   2   8   6  27  19  39  13  16 
 14  15  38   4   1   0   5  37   9  10  22  18  30  25  11  20  32  12  34   3  24  23   7  29  31  28  36  26  17   2  33  35  21  27   8   6  16  19  39  13 
 14  15  38   1   4   0   5   9  37  22  18  10  25  30  20  32  12  11  34  24   3   7  23  31  28  29  36  17   2  33  35  26  21   8   6  16  19  27  13  39 
 14  15  38   1   5   4   0  37   9  10  22  18  30  25  32  20  11  12  24  34   7   3  31  23  29  28  36   2  17  26  33  35   6  21   8  39  16  19  27  13 
 14  15   1  38   4   0   5   9  10  37  22  18  30  25  20  32  12  11  34  24   3   7  23  29  28  36  31   2  26  33  35  17  21   6   8  16  19  27  13  39 
 14  15  38   1   5   4   0  37   9  10  18  22  25  30  11  20  32  12   3  34  24  28   7  23  29  31  36   2  26  33  17  35   6  21   8  27  16  19  39  13 
 15  14   1  38   4   0   5  37  10   9  22  18  25  30  20  32  11  12  34  24   3   7  28  29  31  23   2  26  36  33  35  17   6  21  27   8  19  16  13  39 
 15  14   1   9  38   4   0   5  37  10  22  25  18  30  32  20  34  11  12  24   7   3  23  28  29  31  36   2  26  17  33  35  21   6   8  27  39  19  16  13 
 14  15   1  38   4   0   5  37   9  10  22  25  30  18  20  34  11  12  32   7  24   3  28  29  23  36  31  26  17   2  33  21  35   8  27   6  39  16  13  19 
 14   1  15   4  38   5   0   9  37  10  22  18  25  30  20  11  34  32  12   7  24  23   3  28  29  36  26  31  33  17   2   8  21  35  19  27   6  39  16  13 
 14   1  15  38   5   0   4  37  10   9  18  22  30  25  11  20  32  34   7  24  23   3  28  12  36  26  31  29  17   2  33  21   8  35  19   6  39  27  13  16 
  1  14  15  38   4   5   0   9  37  10  18  22  25  30  32  11  20  24  34   7  12  23   3  28  26  36  29  31  17  33   2   6  21   8  35  19  16  39  27  13 
 14   1  15   4  38   0   5   9  10  18  22  25  30  37  32  11  24  20   7  12  34  23  28   3  36  29  31  26  33  17   6  21   2   8  35  19  39  16  13  27 
 14   1  38  15   4   0  30   5   9  10  18  22  25  37  32  24  11  34  20   7  12  28  23   3  36  26  29  31  21  33  17   6   2   8  39  35  19  13  16  27 
  1  38  15  14   0   4   5   9  30  10  18  25  37  22  24  11  34  32   7  12  20  23  28  36   3  26  31  29  21  17   6  33   2  39   8  19  13  35  27  16 
  1  14  38  15   0   5   4   9  10  30  18  22  25  37   7  24  11  34  32  28  12  20  23   3  36  31  26  33  29  21  17   6   2   8  39  35  19  13  16  27 
  1  38  15  14   5   4   0  10  30  18  22   9  25  37  24  11   7  32  34  12  20  28   3  36  23  26  31  33  29  17   6   2  21  39   8  19  13  35  27  16 
 38   1  14  15   0   5   4  30  10   9  18  22  37  25  11  24  32   7  28  34  12  20   3  23  36  33  26  31  29   8  17   6   2  21  39  13  19  35  16  27 
  1  38  14   0  15   5  30  10   4  18  22   9  25  37  24  11   7  32  34  12  20  28   3  36  23  26  33  29   8  17  31   6   2  39  21  19  35  13  27  16 
  1  38  14   5   0  15   4  30  10  25  18  22   9  24  37  11  32   7  12  34  28  20  33   3  36  23  26  31  29   8  17  21   6   2  39  13  19  35  16  27 
  1  38  14   0   5   4  15  10  30  18  22   9  25  24  11  37   7  32  34  28  12  33   3  36  23  26  20  29  31  17  21   6   2  39  13  19  35   8  27  16 
 38   1  14   0  10   5   4  15  30  25  18  22   9  24   7  11  37  12  32  34  28   3  33  36  23  20  26  17  29  31   6  21   2  13  39  27  19  35   8  16 
 38   1  14   0   5   4  15  10  30  18  22   9  25  24  11  37   7  12  34  32   3  28  36  33  20  23  26  29  31   6  21  17   2  39  13  19  35  27  16   8 
 38  14   1   0  15   5   4  30  10   9  18  22  25  24   3  11  37   7  12  34  32  28  33  36  23  20  26  29   6  31  39  21  17   2  13  19   8  35  27  16 
 38   1   0  15  14   4   5  30   9  18  10  22  24  25  11  37   3   7  34  12  28  33  36  23  20  32  26   6  31  29  21  17   2  13  39   8  35  19  16  27 
 38   0   1   5  15  14   4  30   9  22  18  10  25  24  37  11   7   3  28  34  12  32  33  36  23  20  26  17   6  31  29  21  39   2  13  16   8  35  19  27 
 38   1   5   0  15   4  14  30   9  18  10  22  24  25  11  37   3   7  34  12  28  33  36  32  20  26  23   6  31  29  17  39   2  13  21   8  16  35  27  19 
  5  38   1   0  15  30   4  14   9  22  18  10  24  25  11  12  37   3   7  34  33  28  32  36  26  20  17  23   6  31  29  21  39   2  13   8  16  19  35  27 
 38   5   0  15   1   4  14   9  30  22  10  18  25  11  24  37   3   7  12  33  34  32  36  26  20  17  23  28  31  29   6  21   2  13   8  16  19  39  27  35 
  5  38   0   1  15  14   4  30   9  18  22  10  25  24  11   7  37   3  34  12  33  32  36  20  26  28  17  23   6  31  29   2  21   8  13  16  39  19  35  27 
 38   0   5  15   1  14   4  30   9  22  18  25  10  11   7  24   3  37  12  33  34  36  32  26  28  17  23  20  31  29   6  21   8  13   2  39  16  35  27  19 
  5  38   0   1  15  14   4  22  30   9  25  18  10   7  11  24  37   3  34  12  33  26  36  32  20  28  17  23  29  31  21   6   8  39  13   2  19  16  35  27 
  5   0   1  15  38  14  22   4  30   9  18  25   7  10  24  11  37  34   3  33  12  26  36  32  28  17  20  29  23  21  31   8  39   6   2  13  16  35  27  19 
  5   1   0  22  15  38  14   4   9  30  25  18   7  11  10  24  37  12  34   3  33  26  36  32  17  28  29  20  23  31  21   6   8  39   2  16  13  19  35  27 
  5   0   1  15  38  14  22   4  30   9  18  25   7  10  24  11  12  34   3  33  26  36  32  17  37  29  20  23  31  21  28   8  39   2  16  13  19   6  35  27 
  1   5   0  38  15  22  14  30   4  18   9  25   7  24  10  11  34  12  33   3  32  26  36  37  17  23  29  20  31  28  21  39   8  13   2  16   6  19  27  35 
  1   0   5  38  22  14  15   4  18   9  30  25  24  10   7  11  12  34   3  33  26  36  37  32  17  29  23  31  28  20  39  21   8   2  13   6  16  27  35  19 
  0   1  38   5  15  22  14   4  25  18   9  30  24   7  10  11  12  34  33   3  26  31  36  37  32  17  29  23  20  28  39  16  21   8   2  13   6  19  27  35 
  0  38   5   1  15  14  22   4  18   9  25  30   7  24  10  12  11  34   3  33  26  36  31  37  17  29  23  20  32  39  28  21   8   2  16   6  13  27  19  35 
  1   0  38   5  15  14  22   4   9  18  25   7  30  24  11  10  12   3  34  26  33  36  31  29  37  17  32  23  20  28  39   2  21   8  16  35   6  13  27  19 
  0  38   1  15   5  22  14   4  18   9   7  30  24  11  25  12   3  34  10  33  36  31  26  37  17  29  32  20  23  39  28  21   2  16  35   6  13  27  19   8 
  1   0  38  15   5  22   4  14   9  18   7  25  30  24  11  10  12   3  34  29  33  36  31  26  37  17  23  32  20  21  39  28   2  35  16  13   6   8  27  19 
  1  38   0   5  22  15  14   9   4   7  18  30  24  11  10  12  25   3  29  33  36  34  26  31  17  37  32  20  23  39  28  21  35   2  13   6  16   8  19  27 
  0   1  38   5  15  22  14   4   9  18   7  24  30  25  11  10  12   3  36  29  33  26  34  31  37  17  20  32  21  23  39  28   2  35  13   6  19  16   8  27 
  1  38   5   0  22  15  14   9   4   7  18  24  25  30  10  12  11  36  29  33   3  34  26  37  31  17  32  20  23  21  28  39  35  13   6   2  16   8  19  27 
 38   1   5  15   0  22  14   9   4  18   7  30  24  25  12  10  11   3  36  29  33  26  34  17  37  31  32  21  20  23  39  28   2  35  13   6  16  19   8  27 
 38   5   1   0  15  22   9   4  14   7  30  24  25  18  10  12  11  36  29  33   3  34  26  37  17  32  31  20  23  39  21   2  28  13   6  35  16  19   8  27 
 38   1   5   0  22  15  14   9   4   7  30  25  24  18  10  12   3  11  36  29  33  26  34  17  37  31  32  21  20  23  39  13   2  28  16   6  35  19  27   8 
 38   1   0   5  15  22   9   4  14  30  25   7  18  10  24  12  11   3  36  29  26  34  17  33  37  32  31  20  21  23  39   2  28  13   6  16  19  35   8  27 
 38   1   0   5  15  22   4   9  14  25  30  18   7  10  12  24   3  11  33  36  29  26  34  17  32  37  31  28  20  21  23  39   2  16  13   6   8  19  35  27 
 38   0   1  15   5  22   4  14   9  30  18   7  25  12  10   3  11  24  36  29  33  34  17  26  37  31  32  20  21  28  23   2  39  13  16   6   8  19  35  27 
 38   5   0   1  15  14  22   4  30   9  25  18   7  12  10   3  24  11  29  36  33  26  34  17  20  37  31  32  23  21  28   2  39   8  13  16   6  19  27  35 
 38   0   1   5  15  22  14   4  30  25   9   7  18  12  10  24  11  29   3  36  33  34  17  26  37  31  32  20  21  23  28  39   2  13  16   6   8  27  35  19 
 38   1   0  15   5  14  22   4  25  30   9  18   7  12  24  10   3  11  29  33  36  34  17  31  26  37  32  21  20  23  28  39   2  19  13  16   6   8  27  35 
 38   0   1  15  14   5  22   4  30  25   9   7  12  24  10  18  11   3  33  36  34  29  31  26  17  32  37  20  21  23  28   2  39  13  16  19   8  27   6  35 
 38  15   0   1   5  14  22  30   4  25  33   9   7  12  24  10  18  11   3  36  31  34  29  20  26  17  32  37  23  21  28  39   2   6  13  16  19   8  27  35 
 38   0  15   1   5  22  14   4  25  30   9   7  33  12  10  24  18   3  11  31  34  29  36  26  17  20  37  32  21  28  23   2  39   6  16  13   8  19  35  27 
 38   0  14  15   1   5  22  30   4  25   7   9  18  33  12  10  24   3  11  36  31  34  29  32  26  17  20  37   2  21  28  23   6  39  13  16  19   8  27  35 
 38   0  15   1   5  22  14   4  30   7  25   9  33  18  12  24  10   3  36  31  34  11  29  26  17  32  20   2  21  37  23   6  39  13  28  19  16  27   8  35 
 38   1   0  15  14   5  22  30   4  25   7  18   9  33  24  12   3  10  11  36  31  34  17  29  26  32  20  37   2  21   6  23  28  39  13  16  19   8  27  35 
 38   0  15   1   5  22  14   4  25   7  18  30  33  24   9   3  12  11  10  31  34  17  29  26  32  36  37  20  21   2  23  28   6  13  39  16   8  19  35  27 
  0  38  15   1   5  14  22   7   4  25  30  18   3  33  24   9  12  11  31  10  34  17  36  29  26  32  21  37  20  39   2  23  28   6  13   8  16  35  19  27 
  0  38  15   1   5  22  14   7  25   4  18  30  33  24   9  12   3  31  10  34  11  17  29  36  32  21  26  20  37   2  39  23   6  13   8  16  35  28  19  27 
 15   0  38   1  14   5  22   4   7  25  33  18  30   3  24   9  12  31  11  10  34  17  29  21  36  32  26  20  23  37   2  39  13   6  28   8  16  35  27  19 
  0  38  15   1  14  22   4   5  25   7  33  30  18  24   9   3  31  11  10  34  12  29  21  36  32  26  17  23  37   2  39  13   6  20   8  16  35  28  19  27 
 15   0  38   1  14  22  25   4   5  18   7  33  30  24  31   9   3  12  11  10  34  29  36  21  32  39  26  17  23  37   2  20  13   6  35   8  16  19  28  27 
  0  38   1  15  14  25  22   5   4   7  33  18  24  30   9   3  31  12  11  34  10  36  29  32  39  26  17  23  37   2  20  13   6  35   8  16  19  21  27  28 
 38   0  15   1  14  22  25   5  18   4   7  33  24  30   3   9  12  31  11  39  34  10  36  29  32  37  26  17  23   6   2  20  13  16  35   8  21  19  28  27 
 38  15   1   0  14  25  22   5   4  18   7  24  33   3  30  12   9  11  31  34  10  39  29  32  37  36  17  23  26   6   2  13  16  35  20  21   8  19  27  28 
 38  15   0   1   5  14  25  22   7   4  18  33  24   3   9  30  12  11  31  10  34  29  39  32  26  37  36  17  23   6  21   2  13  16  35  20   8  19  27  28 
 15  38   1   0   5  25  22  14   4  18  33  24   7   9  30  12   3  31  11  10  29  39  32  34  37  36  26  23  17  21   6  13   2  35  20  16   8  27  19  28 
 15   0  38   1  22   5  25  14   4  24  18  33   7  29   9  30  12   3  31  11  10  32  39  36  34  37  23  26  17   6  21  20  13   2  35  16  28   8  27  19 
 15  38   1   0  22   5  14  25   4  18  33   7  24   9  30  29   3  12  11  10  32  31  39  36  37  34  26  23   6  17  20  21   2  13  35  28   8  27  19  16 
  1  15  38  22   0   5  25  14   4  24  18  33   7  30   9  32  29   3  12  11  10  39  31  26  36  37  34  23  17   6  20  28  21   2  13  35  16   8  27  19 
  1  15  38   0   5  25  22  14  24   4  33   7  18   9  32  29   3  30  11  12  10  31  39  36  37  26  34  23   6  17  28  21  20  13  35   2   8  27  19  16 
  1  15   0  38   5  22  25  14   7  24   4  33  18   9  32  29  11   3  30  12  10  26  31  39  36  37  34   6  23  21  17  28  20  35  13  16   2   8  27  19 
  1   0  38  15   5  22  14   7  25   4  33  24   9  18  29  11   3  30  32  12  26  31  39  36  37  10  34  23   6  17  28  20  21  13  35   2   8  16  19  27 
  1   0  38  15  22   5  33  14   7  25   4  24  18   9  29  32  11   3  30  36  12  26  31  39  10  37  34   6  23  21  17  28  20  35  13   8   2  16  27  19 
  0   1  38  22  15   5  14   7  33   4  25  18   9  24  29  32  11  30   3  36  26  12  39  31  10  34  37   6  21  17  28  23  20  35   8   2  16  13  19  27 
  0   1  38  22  15   5   7  14   4  33  25  24  18   9   3  29  32  11  30  31  36  26  12  39   6  10  34  37  17  21  23  28   8  20  35  13   2  16  27  19 
  0  38   1  15   5  22  14   4   7  33  24  18   9   3  25  32  11  29  30  36  31  26  39  12  10  34   6  17  21  23  28  37  20  35  13   8  16  27   2  19 
  0   1  38  15   5  22   4  14  33   7  18  24  25   9   3  11  32  29  36  30  26  31  39  12  34  10   6  21  17  28  23  20  37   8  35  13  16  19  27   2 
  0   1  38  15  22   5   4  14   7  18  24  25  33   3   9  32  29  36  11  26  31  39  30  12  10   6  34  17  21  28  20  37  23  35   8  16  13  27   2  19 
  0  38   1  22  15   5   4  14   7  18  33  24  25   3  11   9  32  29  36  26  31  39  12  30  34  10   6  21  17  37  28  20   8  23  35  19  16  13  27   2 
  0   1  22  38  15   4   5  14   7  18  24  25  33   3   9  32  29  11  36  26  31  39  30  34  10   6  21  17  12  37  28  20   8  35  19  16  13  23  27   2 
  0  22   1  38   5  15   4  14  18   7  33  24  25   3   9  29  32  26  11  36  31  34  39  30  21  10   6  12  17  20  37  28  35   8  13  19  16   2  23  27 
 22   0  38   1  15   5  14   4  18   7  33  25   3  24  29   9  32  11  26  31  36  39  34  21  10  30  12   6  17  37  28  35  20   8  19  16  13  23  27   2 
  0  22   1  38   5  15  14   7   4  18  33  24  25   3  29  11   9  32  26  31  39  36  34   6  21  10  30  12  17  35  37  28  16  20   8  19  23  13  27   2 
 22   1  38   0  15   5   7   4  18  14  33  25  24   3  11   9  32  26  29  31  36  34  39  21   6  10  12  17  35  30  28  16  20   8  37  23  19  27  13   2 
  1  22  38   0   5  15  18   7   4  14  33  24  25   3  39  11   9  32  26  29  31  36  34   6  21  10  12  17  28  35  30  19  16  20   8  37  23  27  13   2 
 22  38   0   1   5  15   7   4  18  14  24  33   3  25  11   9  32  26  29  39  31  34   6  21  36  12  10  28  17  30  19  35  20  16  37   8  23  27   2  13 
  1  22  38   0  15   5   7  18   4  24  14  25  33   3  11   9  31  32  26  29  39  34  36   6  21  10  12  17  28  16  30  19  35  20   8  37  27  23  13   2 
 22   1  38  15   0   7  18   4   5  14  25  33  24  11   9   3  32  31  29  26  34  39  36   6  10  12  21  28  16  30  17  35  20  19  37   8  23  27   2  13 
 22  38   1  15   0   7   5  18   4  33  14  25  24   3  11   9  26  32  31  29  39  34   6  36  10  21  12  30  28  16  35  17  19  20  27  37   8  23  13   2 
 22   1  38  15   0   5   7  18   4  14  33  24  25  11   9   3  32  31  29  39  34  26   6  36  21  10  12  30  16  35  17  28  20  27  19   8  23  37   2  13 
  1  22  38  15   5   0   7  18   4  24  14  33  11  25   3   9  31  32  29  26  39  34  36   6  10  21  12  28  30  16  35  17  27  20  19  37   8  23  13   2 
 22   1  15  38   0   7  18   4  24   5  33  14  25   3  11  31   9  29  26  32  39  34   6  36  10  12  28  21  16  35  17  27  20  30  37   8  19  13  23   2 
  1  22  38  15   0  18   7   5   4  24  25  33  14  31   3  11  26   9  29  39  32  34  36   6  10  21  12  28  17  16  35  30  27  20   8  37  23  19  13   2 
  1  22  15  38   0   7  18   4  24   5  33  14  31   3  11  25   9  26  39  29  34  32  36  10   6  12  28  21  16  35  17  27  20   8  37  30  23  13   2  19 
  1  22  15   0  38  18   7   5   4  24  33  14  31  25   3  11  39   9  26  34  29  32  12  36  10   6  21  28  16  17  35  20  27  30   8  37  13  23  19   2 
  1  22  15  38  18   7   0   4   5  24  14  31  25   3  11  33   9  26  39  34  32  29  36  10  12  21  28   6  17  16  20  35  30   8  27  13  37  19  23   2 
  1  22  15  38  18   0   7  24   4   5  31  14   3  25  33  11   9  26  34  39  29  32  36  12  10   6  21  28  16  17  35  20  27  30   8  37  13  23  19   2 
  1  22  15  18  38   0   7  24   5   4  14  31  25   3  33   9  26  34  39  29  32  36  11  12  10  21  28   6  16  35  20  17  30   8  27  13  37  23   2  19 
 22   1  18  15  38   0  24   7   5   4  14  25  31  33   3   9  32  26  34  39  29  11  36  12   6  10  21  28  16  17  35  20  30   8  13  27  37  23  19   2 
  1  22  15  18   0  24   7   5  38   4  25  31  14  33   3   9  26  34  39  32  11  36  29   6  12  21  28  16  10  35  20  30  17  13   8  37  23  27   2  19 
 22   1  18  15   0  24   4   7   5  38  33  25  31  14   9   3  26  39  34  32  36  11  29   6  21  12  16  28  35  10  17  20  30  37  13   8  27  23  19   2 
  1  22  15  18  24   0   7   5  38   4  25  31  33   9  14   3  26  34  32  39  11  36  29  21   6  16  12  28  10  35  20  17  30  13   8  27  23  19  37   2 
 22   1  15   0  18  24  38   7   5   4  25  33  31   9  34  14   3  26  32  39  36  11   6  29  21  16  12  10  28  20  35  17   8  30  13  23  27   2  19  37 
 22  15   1  18   0  24  38   5   7   4  33  31  25   9  14   3  34  26  32  36  11  39  29   6  16  21  10  28  20  35  17   8  30  12  13  23   2  19  37  27 
 22   1  15  18  24   0   5  38   4   7  31  33   3  25   9  14  34  26  11  32  36  39   6  29  21  16  28  10  12  20  35  17   8  30  37  13  23   2  19  27 
 22  15   1  18  24   5  38   0   7  31  33   4  25   3  14   9  26  11  34  32  39  36  29   6  21  28  16  10  12  35  17   8  30  37  13  20  23   2  27  19 
 22  15  18   1   5  24   7  38   0   4  31  33  26  25   3  14   9  34  11  32  36  39  29  28   6  21  12  16  10  30  35  17   8  20  37  13  23  27   2  19 
 22  18   1  15  24   7   5  38   0  31  33   4  25   3  26   9  14  11  32  34  39  36  29   6  21  28  16  12  10  30  17   8  20  35  13  37  23   2  19  27 
 22   1  18  15   5  24   7  38   0   4  31  33  11  25   3  26   9  14  34  32  21  39  36  29   6  28  12  16  10  30  37  17   8  20  35  13  27  23   2  19 
 22  18  15   1  24   5   7   0   4  31  33  38  25   3  11  26   9  14  32  34  39  36  21   6  28  29  16  12  30  10  17  37  20   8  35  13  27   2  19  23 
 22  24  18  15   1   5   7  38   0   4  31  33   3  25  11   9  26  14  34  32  39  36  29  21   6  28  16  12  10  30  37  17  35  20   8  27  13  23   2  19 
 22  24  18   1  15   5   7  38   4   0  31   3  25  33   9  11  26  34  32  14  36  29  39   6  21  28  16  10  12  37  17  35  30   8  20  13  23   2  19  27 
 22   1  24  18  15   5   7   4  38   0  31  33   3  25  32   9  11  26  34  36  14  39  29   6  21  10  28  16  37  12  30  17  35  13   8  20  27  23   2  19 
 22  24   1  15   5   7  18  38   4   0  33   3  25  31   9  32  26  11  34  14  39  36  29  21   6  28  10  16  37  12  17  35  30  13  20   8  27   2  23  19 
 22  24   5   1  15  18   7   0  38   4  31  33   3  25  26   9  32  11  14  34  39  29  36   6  21  16  28  10  12  37  35  17  20  30  13  19   8  27   2  23 
 24  22   1  15   5  18   7   0   4  38  33   3  31  25   9  32  26  11  34  14  39  29   6  36  21  28  10  12  37  35  16  20  17  13  30   8  27  19  23   2 
 22  24  15   1  18   5   7  38   0   4   3  33  31   9  25  26  32  34  11  14  39  29  10   6  36  21  28  37  12  20  35  16  30  17  13   8  23  27  19   2 
 24  22  15  18   5   1   7   0   4  38   3  33   9  25  26  32  34  31  11  39  14  29   6  10  21  28  36  37  20  35  16  30  12  13   8  17  27  19  23   2 
 22  24  15   7  18   5   1  38   0   4  33   3   9  32  25  26  34  31  11  29  39  14   6  37  10  21  28  36  20  16  35   8  30  12  13  27  17  19   2  23 
 24  15  22   7   5   1  18   0   4  38   3  33  32  25   9  34  31  26  11  29  39   6  14  37  21  28  10  20  16  36  35   8  12  30  27  17  19  13  23   2 
 22  24  15   5   7   1   0  18  38   4   3  25  33  32   9  31  34  26  11  37  29  39   6  14  10  21  28  20  35  16  36  27   8  12  30   2  17  19  13  23 
 24  15  22   7   1   0   5  38   4  18   3  33  32   9  25  34  31  26  11  37  39  29  14   6  21  28  10  35  20  36  16   8  12  30  27  17  19   2  13  23 
 15  24   0  22   7   1   5  38   3   4  18   9  33  32  25  31  34  26  39  11  37  14  29  35   6  21  28  10  16  20  36  12   8  30  19  27  17  23   2  13 
 24  15  22   7   0   1  38   5   4   3   9  33  32  18  25  31  26  34  11  37  39  29  14   6  21  28  35  10  20  16  36  12  30  19   8  17  27  23  13   2 
 15  24  22   7  38   0   1   5   3   4  18   9  33  32  25  31  26  34  37  11  29  39  14  28   6  21  35  10  36  20  16   8  12  30  19  23  17  27  13   2 
 24  22   7  15   0   1  38   3   4   5   9  18  32  33  25  26  34  31  37  29  11  39  14   6  21  28  10  35  20  16   8  12  30  36  23  17  27  13  19   2 
 24  22  15   7   1   0  38   5   3   4  18   9  33  32  26  25  31  34  29  37  11  39  21  14   6  28  35  10   8  20  16  36  12  30  17  23   2  27  13  19 
 22  15  24   1   0   7  38   3   4   5  18  33   9  26  25  31  32  34  37  29  11  21  14   6  39  28  10  35  20  16   8  12  30  17  23  36  27  13   2  19 
 22  15  24   0   1  38   7   3   5   4  33  18   9  26  32  25  31  34  14  37  29  11  21  39   6  10  28  12  35  20  16   8  19  30  17  23  36  27  13   2 
 22  15  24   1  38   0   7   5   3  33   4   9  18  32  26  31  34  25  37  29  14  21  11   6  10  28  39  35  12  16  20   8  30  17  19  36  27  23  13   2 
 15  22  38  24   1   7   0   3   5   4  33  18   9  32  26  25  31  34  14  37  29  39  21  11   6  10  28  35  12  20  16   8  30  27  17  19  36  23   2  13 
 15  22  24  38   1   0   3   7   4  33   5  18  32  26  25   9  34  31  37  29  14  21  39   6  10  11  28  12  35  20   8  16  30  17  19  27  23   2  36  13 
 24  15  22  38   1   0   7   3   4   5  33  18  32  25  26   9  21  34  31  37  29  14  11  39   6  10  12  28  20  35  16   8  30  27  17  19  36  23   2  13 
 15  24  38  22   1   0   3   7   4  33   5  32  18  26  25   9  34  31  21  37  14  29  11   6  39  12  28  20  35  10   8  30  27  16  19  17  23   2  13  36 
 24  15  38   1  22   3   0   4   7   5  33  18  32  31  26  25   9  34  14  21  37  11  29   6  39  28  12  10  20  35  16   8  30  27  17  19   2  23  36  13 
 24  15  38  22   1   0   4   3   7  33   5  32  18  26  31   9  25  34  21  14  11  37  29  39  28  12  10   6  35  20   8  30  16  27  19   2  23  36  17  13 
 24  15   7  38  22   1   0   4   3   5  33  26  32  18  31  25   9  34  11  21  14  39  37  29  28  35  12  10   6   8  20  30  27  16  19  13   2  23  36  17 
 24  15  38   7   1  22   4   3   5   0  26  32  18  33  31   9  34  25  11  21  14  37  29  28  39  12  10  35   8   6  20  27  30  19  13   2  16  36  17  23 
 24  15  38   1   7   3  22   4   5   0  26  18  32  31  33  25   9  34  21  11  37  14  39  29  28  10  12   8  35  20   6  27   2  30  19  13  36  16  23  17 
 15  38  24   1   7  22   3   4   5  26  18   0  31  32  33   9  25  21  34  11  37  39  29  14  28  12   8  10  20  35  27   2   6  19  13  36  16  30  23  17 
 38  15   1  24  22   7   5   3   4  26   0  18  32  31  25  33   9  11  21  34  37  14  39  29  12  28   6   8  10  20  35  27   2  19  36  13  30  16  17  23 
 15   1  24  38   7  22   3   5   4  26  18  32   0  25  33  31   9  21  34  11  14  39  37  29  28   6   8  12  20  10  27   2  35  36  13  30  19  17  23  16 
  1  15  22  24  38   7   5   3  26   4  32  18  31   0  25  33   9  34  21  11  39  14  28  37  29  12   6   8  20  10  27  35   2  13  36  19  30  17  16  23 
 15   1  24  22  38   7   3  26   4   5  32  31   0  18  33  25  34   9  11  39  21  14  37  29  28  12   8  20   6  27  10  35  13   2  19  36  17  30  23  16 
 15  24   1   7  22  38   3   5  26   4  32   0  31  33  18  25   9  34  14  11  39  21  29  37  12  28  27   8  20   6  36  10  35  13   2  19  23  17  30  16 
 15   1  24  22  38   7   5   3   4  26   0  31  32  18  33   9  25  34  11  39  14  21  37  12  29  28  27  20   6   8  10  36  13   2  35  19  17  23  16  30 
 38  15   1  24  22   7   3   5  26   4  31   0  32   9  18  33  39  25  34  11  14  21  37  29  12  27  28   8  20   6  10  19  36  13   2  35  17  30  23  16 
 15  38  24   1   7  22   5   3   4  26  31  32   0  18  33   9  25  34  11  14  21  39  37  29  27  12   8  20  28  10  19   6  13   2  35  36  30  23  17  16 
 15   1  38  24  22   7   4   5   3  31  26   0  32   9  18  33  34  25  14  11  12  21  39  37  29  27  28   8  20  19  10   2   6  13  17  35  36  30  23  16 
