#Coor		Free		+/-		Prob		+/-
-177.500000	0.773359	0.038410	0.072515	0.004714
-172.500000	1.133644	0.053753	0.039412	0.003585
-167.500000	1.827229	0.060382	0.012186	0.001245
-162.500000	2.565117	0.065596	0.003496	0.000388
-157.500000	3.522082	0.075222	0.000692	0.000088
-152.500000	4.306921	0.086315	0.000183	0.000027
-147.500000	5.188145	0.105314	0.000041	0.000007
-142.500000	6.110578	0.107394	0.000009	0.000002
-137.500000	6.788769	0.102097	0.000003	0.000000
-132.500000	7.159127	0.116514	0.000001	0.000000
-127.500000	7.480221	0.140855	0.000001	0.000000
-122.500000	7.474703	0.133852	0.000001	0.000000
-117.500000	7.287975	0.147162	0.000001	0.000000
-112.500000	7.049358	0.140240	0.000002	0.000000
-107.500000	6.401599	0.129300	0.000005	0.000001
-102.500000	5.577328	0.139460	0.000021	0.000005
-97.500000	4.727362	0.134013	0.000090	0.000020
-92.500000	3.882738	0.138592	0.000376	0.000088
-87.500000	2.977947	0.136083	0.001738	0.000400
-82.500000	2.383143	0.145806	0.004757	0.001174
-77.500000	1.885463	0.152167	0.011043	0.002844
-72.500000	1.531470	0.152734	0.020102	0.005196
-67.500000	1.330729	0.140787	0.028235	0.006727
-62.500000	1.522472	0.146920	0.020411	0.005075
-57.500000	1.590998	0.138009	0.018176	0.004245
-52.500000	1.990567	0.140308	0.009243	0.002195
-47.500000	2.279174	0.146209	0.005672	0.001403
-42.500000	2.732675	0.157887	0.002633	0.000703
-37.500000	3.373137	0.142363	0.000891	0.000215
-32.500000	4.065161	0.158428	0.000276	0.000074
-27.500000	4.806803	0.152679	0.000079	0.000020
-22.500000	5.794191	0.145889	0.000015	0.000004
-17.500000	6.568272	0.149713	0.000004	0.000001
-12.500000	7.494570	0.155939	0.000001	0.000000
-7.500000	8.306410	0.153548	0.000000	0.000000
-2.500000	8.926431	0.137340	0.000000	0.000000
2.500000	9.317586	0.136155	0.000000	0.000000
7.500000	9.085144	0.145041	0.000000	0.000000
12.500000	8.590055	0.134479	0.000000	0.000000
17.500000	8.045036	0.128283	0.000000	0.000000
22.500000	7.474732	0.128077	0.000001	0.000000
27.500000	6.682923	0.129434	0.000003	0.000001
32.500000	5.882686	0.142122	0.000013	0.000003
37.500000	5.183191	0.123507	0.000042	0.000009
42.500000	4.288413	0.136498	0.000189	0.000044
47.500000	3.819440	0.143582	0.000418	0.000102
52.500000	3.336095	0.151060	0.000948	0.000242
57.500000	3.273186	0.143835	0.001055	0.000257
62.500000	3.171390	0.133710	0.001253	0.000284
67.500000	3.433659	0.140582	0.000804	0.000191
72.500000	3.617684	0.128235	0.000589	0.000128
77.500000	4.026005	0.131315	0.000295	0.000066
82.500000	4.243074	0.123675	0.000204	0.000043
87.500000	4.658373	0.133728	0.000101	0.000023
92.500000	4.899070	0.125570	0.000067	0.000014
97.500000	5.126582	0.129727	0.000046	0.000010
102.500000	5.136492	0.128721	0.000045	0.000010
107.500000	5.371236	0.111070	0.000030	0.000006
112.500000	5.574747	0.111998	0.000021	0.000004
117.500000	5.407620	0.108560	0.000028	0.000005
122.500000	5.326713	0.102471	0.000033	0.000006
127.500000	5.086758	0.103406	0.000049	0.000009
132.500000	4.734155	0.098994	0.000089	0.000015
137.500000	4.306014	0.101138	0.000184	0.000031
142.500000	3.646231	0.093246	0.000561	0.000089
147.500000	2.868731	0.079846	0.002091	0.000283
152.500000	2.093652	0.079282	0.007764	0.001042
157.500000	1.373000	0.072437	0.026285	0.003222
162.500000	0.742093	0.055660	0.076455	0.007202
167.500000	0.255077	0.043027	0.174317	0.012693
172.500000	0.000000	0.033761	0.268418	0.015336
177.500000	0.219010	0.042814	0.185288	0.013425
