#Coor		Free		+/-		Prob		+/-
-170.000000	1.710295	0.036985	0.047669	0.002984
-150.000000	4.904210	0.059388	0.000214	0.000022
-130.000000	7.353645	0.080410	0.000003	0.000000
-110.000000	6.909981	0.097934	0.000007	0.000001
-90.000000	3.797448	0.119206	0.001394	0.000281
-70.000000	1.671612	0.144422	0.050894	0.012439
-50.000000	2.037087	0.159793	0.027419	0.007415
-30.000000	5.556656	0.181162	0.000071	0.000022
-10.000000	8.314321	0.195448	0.000001	0.000000
10.000000	9.521563	0.221694	0.000000	0.000000
30.000000	7.505421	0.245010	0.000003	0.000001
50.000000	4.189430	0.265438	0.000718	0.000323
70.000000	3.955611	0.142975	0.001067	0.000258
90.000000	5.537865	0.126454	0.000073	0.000016
110.000000	5.800709	0.113821	0.000047	0.000009
130.000000	5.285802	0.094364	0.000112	0.000018
150.000000	2.704754	0.070494	0.008858	0.001057
170.000000	0.000000	0.013969	0.861449	0.020365
