# lambba_val.val 0.34540
# time (ps)      gradients (kcal/mol*lam) 
  0.200            1.2625431983 
  0.400            1.2080848604 
  0.600            2.5818339905 
  0.800            1.4517405040 
  1.000            0.6720783048 
  1.200            1.0580593979 
  1.400            0.8550236899 
  1.600            1.6234311133 
  1.800            0.5748037974 
  2.000            2.6061147492 
  2.200            1.2303234627 
  2.400            1.1862862529 
  2.600            2.7274408025 
  2.800            3.0462486119 
  3.000            1.4784813278 
  3.200            2.0372084750 
  3.400            1.9939746251 
  3.600            1.9301346310 
  3.800            2.0819550882 
  4.000            2.3591852006 
  4.200            1.5493843584 
  4.400            2.9143522126 
  4.600            2.5514405796 
  4.800            1.1834136601 
  5.000            1.0388576188 
  5.200            2.2173700323 
  5.400            1.6532185552 
  5.600            1.3621723508 
  5.800            2.2803113882 
  6.000            1.0370605662 
  6.200            1.3100422107 
  6.400            2.6892724598 
  6.600            1.1255781876 
  6.800            1.2315788337 
  7.000            2.7508794717 
  7.200            1.2193948388 
  7.400            1.1753040666 
  7.600            0.8816203812 
  7.800            1.1331310981 
  8.000            2.0662860275 
  8.200            1.9632886136 
  8.400            1.5115615124 
  8.600            3.7178236070 
  8.800            0.9590966230 
  9.000            1.0128794351 
  9.200            1.3974188573 
  9.400            0.9577532305 
  9.600            2.0749603759 
  9.800            1.5893831373 
  10.000            3.0401357775 
  10.200            4.0614663205 
  10.400            0.9833249251 
  10.600            0.8550765947 
  10.800            2.1164259683 
  11.000            1.9153197034 
  11.200            3.8413422599 
  11.400            1.6319174643 
  11.600            2.3042806768 
  11.800            1.8172452135 
  12.000            1.7204269280 
  12.200            2.2304496823 
  12.400            0.8824666625 
  12.600            1.6264718271 
  12.800            1.7679802895 
  13.000            1.0369284747 
  13.200            2.0881424523 
  13.400            1.3860188637 
  13.600            1.0377311880 
  13.800            1.6203726433 
  14.000            1.7390980882 
  14.200            1.0652389223 
  14.400            1.3500826092 
  14.600            2.0506916235 
  14.800            0.9318453807 
  15.000            2.5674190604 
  15.200            0.9895237346 
  15.400            0.7325662368 
  15.600            1.1976029825 
  15.800            0.8710326831 
  16.000            1.3300940500 
  16.200            2.9312905123 
  16.400            0.9572993960 
  16.600            1.1019417970 
  16.800            1.1908744358 
  17.000            1.6341527120 
  17.200            3.1646076863 
  17.400            1.5670748788 
  17.600            2.8142240993 
  17.800            3.7033774052 
  18.000            0.9322695427 
  18.200            2.4290510768 
  18.400            2.2262889635 
  18.600            0.7490684388 
  18.800            0.9887145393 
  19.000            1.1566945671 
  19.200            1.5799546609 
  19.400            1.6622180032 
  19.600            1.5048213777 
  19.800            1.1450650613 
  20.000            0.9759207906 
  20.200            1.0279901360 
  20.400            2.0073900146 
  20.600            2.2537020234 
  20.800            0.8766878998 
  21.000            1.4803544131 
  21.200            0.9362984026 
  21.400            1.0563090525 
  21.600            2.6348036550 
  21.800            1.3032204532 
  22.000            2.1619355696 
  22.200            2.0281069332 
  22.400            2.4047632478 
  22.600            0.8609960299 
  22.800            0.6909029416 
  23.000            1.2388220849 
  23.200            1.2520630115 
  23.400            3.0579628000 
  23.600            3.4109542475 
  23.800            3.4311707494 
  24.000            2.9783012410 
  24.200            2.2741688096 
  24.400            1.7322929782 
  24.600            0.9344734529 
  24.800            1.6582613927 
  25.000            1.5878943806 
  25.200            0.9184714661 
  25.400            1.1663756551 
  25.600            1.3941502902 
  25.800            2.7554880185 
  26.000            1.1096607703 
  26.200            0.6840295528 
  26.400            1.5892369738 
  26.600            1.9765329734 
  26.800            2.0623773525 
  27.000            2.0252826510 
  27.200            0.9532143206 
  27.400            2.5983277636 
  27.600            2.1666708402 
  27.800            0.7362053017 
  28.000            1.0345761337 
  28.200            1.1198572923 
  28.400            3.3360576369 
  28.600            1.1465321178 
  28.800            0.7413599381 
  29.000            1.4986414957 
  29.200            0.8351628477 
  29.400            1.7636238785 
  29.600            0.8848366105 
  29.800            1.9176587174 
  30.000            0.7328412334 
  30.200            1.6147915657 
  30.400            1.3650804350 
  30.600            0.7543164497 
  30.800            1.4633301826 
  31.000            1.2065356845 
  31.200            2.0850448586 
  31.400            1.9322423477 
  31.600            1.3254439359 
  31.800            1.0675143705 
  32.000            1.5421023433 
  32.200            1.4288097946 
  32.400            0.7591377729 
  32.600            0.8748080817 
  32.800            1.1737107471 
  33.000            0.8265073945 
  33.200            1.3175438581 
  33.400            1.6177389734 
  33.600            1.5609936236 
  33.800            2.1484669372 
  34.000            2.9554918399 
  34.200            1.2525416994 
  34.400            2.0149979072 
  34.600            1.0174716772 
  34.800            0.7996546968 
  35.000            3.7849370360 
  35.200            3.2315206126 
  35.400            2.2622051607 
  35.600            1.3831578657 
  35.800            2.3974465987 
  36.000            1.9390268512 
  36.200            2.8259326320 
  36.400            3.1646227365 
  36.600            1.5373663889 
  36.800            0.7406929186 
  37.000            4.2563516710 
  37.200            2.5000986387 
  37.400            1.0526015667 
  37.600            1.1929609077 
  37.800            0.8739579499 
  38.000            1.8579470741 
  38.200            1.4836638532 
  38.400            0.9811867209 
  38.600            2.0406052117 
  38.800            1.1296995916 
  39.000            1.9791877119 
  39.200            2.5955699205 
  39.400            3.2871720358 
  39.600            2.6123462464 
  39.800            2.6076563193 
  40.000            0.5990641954 
  40.200            1.0814514863 
  40.400            0.7386505016 
  40.600            1.1101785004 
  40.800            1.0814557052 
  41.000            0.6304899303 
  41.200            0.9199953067 
  41.400            1.2844973979 
  41.600            1.5825999071 
  41.800            1.3378234330 
  42.000            1.7160392270 
  42.200            2.9540891231 
  42.400            2.7653017185 
  42.600            2.1063595858 
  42.800            1.6474335738 
  43.000            1.5824012094 
  43.200            1.0869619871 
  43.400            1.8062078022 
  43.600            0.9294755359 
  43.800            0.7139920085 
  44.000            1.7420387587 
  44.200            1.6022402369 
  44.400            1.2835179394 
  44.600            1.5946016986 
  44.800            2.9560875599 
  45.000            2.8443568159 
  45.200            2.9080492537 
  45.400            3.5109014278 
  45.600            2.8627499411 
  45.800            0.8055590583 
  46.000            1.6611433158 
  46.200            0.8582799135 
  46.400            2.5502754877 
  46.600            2.3395060219 
  46.800            2.8514292081 
  47.000            2.1284734825 
  47.200            0.8627688650 
  47.400            2.0724960894 
  47.600            1.2976387710 
  47.800            1.0550077211 
  48.000            3.0505668564 
  48.200            1.8812688644 
  48.400            1.2262915003 
  48.600            1.8787398305 
  48.800            0.7641251189 
  49.000            1.1231217479 
  49.200            0.9575539388 
  49.400            0.9675868978 
  49.600            0.9524547580 
  49.800            1.5347430669 
  50.000            3.3415573672 
  50.200            3.3259699276 
  50.400            1.8673158742 
  50.600            1.2821493113 
  50.800            0.4841340688 
  51.000            1.4865717960 
  51.200            1.5729086490 
  51.400            2.1215021739 
  51.600            2.7316579570 
  51.800            0.6153985580 
  52.000            3.6156533608 
  52.200            0.9312315035 
  52.400            2.5723157201 
  52.600            1.7908409407 
  52.800            3.6488856496 
  53.000            1.2879583313 
  53.200            1.1715199588 
  53.400            1.1416713639 
  53.600            1.4448123375 
  53.800            1.3245862848 
  54.000            0.6405750036 
  54.200            1.5085009658 
  54.400            1.2475347206 
  54.600            1.1801903935 
  54.800            1.5924380301 
  55.000            2.7692657343 
  55.200            2.6810257134 
  55.400            2.2287954960 
  55.600            3.8212943538 
  55.800            3.3057987343 
  56.000            0.8647690057 
  56.200            1.8986136375 
  56.400            3.5939172831 
  56.600            1.6302230635 
  56.800            1.6146436249 
  57.000            0.5989667171 
  57.200            1.9213577057 
  57.400            1.3146327430 
  57.600            1.2980982091 
  57.800            0.9182619884 
  58.000            1.4280469036 
  58.200            1.8426703632 
  58.400            0.8488787559 
  58.600            1.2318582479 
  58.800            3.3317468981 
  59.000            3.3240392520 
  59.200            3.1022824291 
  59.400            2.7714080592 
  59.600            1.2013767372 
  59.800            3.3363440203 
  60.000            3.4059640446 
  60.200            3.3677715098 
  60.400            1.7245232520 
  60.600            1.4238948179 
  60.800            2.5056937316 
  61.000            1.1114676276 
  61.200            0.6834682483 
  61.400            0.8541463321 
  61.600            2.3220788728 
  61.800            2.7482807504 
  62.000            1.2167882539 
  62.200            0.8181662623 
  62.400            3.5327490274 
  62.600            1.8730456468 
  62.800            2.5307973870 
  63.000            3.5115567636 
  63.200            1.1694076190 
  63.400            2.1240938367 
  63.600            1.1610201568 
  63.800            0.6250035265 
  64.000            0.9946819728 
  64.200            1.4065217366 
  64.400            2.3574589229 
  64.600            1.6628289178 
  64.800            2.1823511310 
  65.000            2.6134819532 
  65.200            3.4110319107 
  65.400            3.2379277451 
  65.600            3.4592779079 
  65.800            3.7495355433 
  66.000            2.7542180511 
  66.200            1.1611416051 
  66.400            0.9676571149 
  66.600            3.4976074364 
  66.800            1.9912689589 
  67.000            2.6098582244 
  67.200            1.4318338281 
  67.400            0.8739726981 
  67.600            1.6347829532 
  67.800            1.5846698141 
  68.000            1.1827520275 
  68.200            1.9428525548 
  68.400            3.5299101131 
  68.600            3.4531692428 
  68.800            1.2690333594 
  69.000            1.9671093982 
  69.200            1.0382154417 
  69.400            1.8413313432 
  69.600            1.2195644356 
  69.800            1.3575100968 
  70.000            3.4098954519 
  70.200            0.9987629366 
  70.400            1.1824815368 
  70.600            1.3201973291 
  70.800            0.9893463057 
  71.000            1.4392470225 
  71.200            1.7529426554 
  71.400            3.6671013456 
  71.600            2.5485874612 
  71.800            1.8199851391 
  72.000            1.9290685502 
  72.200            3.1569355121 
  72.400            1.2376112993 
  72.600            2.0356437138 
  72.800            1.1522198008 
  73.000            1.8605480217 
  73.200            1.4450186750 
  73.400            2.6458708838 
  73.600            1.2915232312 
  73.800            1.5528587568 
  74.000            1.2987680498 
  74.200            4.0368141302 
  74.400            2.6026974747 
  74.600            1.2052728007 
  74.800            1.8098814109 
  75.000            1.1580206326 
  75.200            2.2765670039 
  75.400            2.2638579333 
  75.600            3.3836912757 
  75.800            1.1978152929 
  76.000            2.7884186985 
  76.200            1.0516757971 
  76.400            1.7280736308 
  76.600            1.6579413361 
  76.800            1.3447103491 
  77.000            0.9356156846 
  77.200            0.7972731866 
  77.400            2.3009900639 
  77.600            0.5940438735 
  77.800            1.3657780401 
  78.000            1.6623580334 
  78.200            1.1273943547 
  78.400            1.0060410713 
  78.600            1.1437496285 
  78.800            0.9056878739 
  79.000            1.2550323560 
  79.200            2.4892653353 
  79.400            1.1852468598 
  79.600            1.7207204471 
  79.800            2.1076873526 
  80.000            3.2651939651 
  80.200            0.7802598335 
  80.400            2.9701432865 
  80.600            3.1703847189 
  80.800            3.1961707432 
  81.000            3.4207812481 
  81.200            2.6013950389 
  81.400            1.7273417203 
  81.600            1.8820664744 
  81.800            1.1974701024 
  82.000            1.3243504224 
  82.200            1.4580306823 
  82.400            3.2041093167 
  82.600            3.1349451954 
  82.800            3.8047462297 
  83.000            2.1303722176 
  83.200            3.3018274447 
  83.400            1.1552786777 
  83.600            0.7653760373 
  83.800            0.2960514520 
  84.000            1.4031321418 
  84.200            0.8996713021 
  84.400            0.9315673259 
  84.600            2.4563496281 
  84.800            1.2792073104 
  85.000            1.7878015751 
  85.200            0.8651373873 
  85.400            0.8058050840 
  85.600            1.2757497199 
  85.800            1.3419793658 
  86.000            1.5144029146 
  86.200            2.4589221910 
  86.400            3.2102497325 
  86.600            0.9732866798 
  86.800            1.0499870013 
  87.000            1.2261534159 
  87.200            1.2376123010 
  87.400            2.1663976568 
  87.600            1.7144883421 
  87.800            0.7729850836 
  88.000            1.2662414657 
  88.200            2.6688597723 
  88.400            3.6359894306 
  88.600            0.9246315745 
  88.800            2.7611044273 
  89.000            2.4978471328 
  89.200            1.0394256157 
  89.400            1.9408861917 
  89.600            2.2753676616 
  89.800            2.4112418625 
  90.000            1.6991210349 
  90.200            0.9413934646 
  90.400            3.2428142585 
  90.600            3.8331690328 
  90.800            1.1857741081 
  91.000            1.5891176786 
  91.200            1.8566625955 
  91.400            1.6116345856 
  91.600            1.7569307814 
  91.800            0.6735799426 
  92.000            1.9487657975 
  92.200            1.4074549324 
  92.400            0.8642870467 
  92.600            0.6807633996 
  92.800            0.7002457981 
  93.000            1.9764693442 
  93.200            3.3577850507 
  93.400            3.5316029930 
  93.600            2.8177862853 
  93.800            2.2874423629 
  94.000            0.9651762705 
  94.200            3.6082321737 
  94.400            3.6613657191 
  94.600            0.7484045609 
  94.800            1.3114380245 
  95.000            0.9437938249 
  95.200            1.6974738969 
  95.400            1.7694807094 
  95.600            0.5813940174 
  95.800            1.0232582707 
  96.000            0.9055600506 
  96.200            2.6838372678 
  96.400            0.6978368081 
  96.600            3.3311983748 
  96.800            3.6374758470 
  97.000            4.1328834584 
  97.200            3.4713093317 
  97.400            1.3047170646 
  97.600            0.7464769828 
  97.800            1.4194333698 
  98.000            1.1219990702 
  98.200            1.6940392159 
  98.400            2.6014569304 
  98.600            1.6440906436 
  98.800            2.9777995534 
  99.000            0.9267102785 
  99.200            3.1292125787 
  99.400            1.2974064566 
  99.600            0.6837094310 
  99.800            2.6822644579 
  100.000            2.4961675129 
  100.200            3.0155036930 
  100.400            1.8005396754 
  100.600            2.4194785898 
  100.800            0.6444316634 
  101.000            1.0260429942 
  101.200            0.9904308027 
  101.400            0.8839162957 
  101.600            2.5460368364 
  101.800            1.2327245388 
  102.000            1.2978714052 
  102.200            1.3644474043 
  102.400            1.9037481457 
  102.600            2.0342094895 
  102.800            2.4480379707 
  103.000            1.5759555187 
  103.200            1.0323271349 
  103.400            1.2820682515 
  103.600            1.9143552973 
  103.800            2.5317140620 
  104.000            0.5393345312 
  104.200            0.8262392620 
  104.400            1.6685197192 
  104.600            4.0571592855 
  104.800            3.3198959228 
  105.000            2.9765486481 
  105.200            2.5048959497 
  105.400            1.6385823753 
  105.600            1.0298204468 
  105.800            3.1222342134 
  106.000            1.8294155939 
  106.200            0.6317770060 
  106.400            2.2616787291 
  106.600            3.5577789757 
  106.800            0.6868715848 
  107.000            2.4479994894 
  107.200            1.9888979343 
  107.400            2.9177725689 
  107.600            2.9151175542 
  107.800            1.6329329206 
  108.000            3.5527716239 
  108.200            2.0617123749 
  108.400            2.3215694631 
  108.600            0.8751729572 
  108.800            1.2453657846 
  109.000            2.4329862032 
  109.200            2.0658094986 
  109.400            1.4049986522 
  109.600            1.9931835870 
  109.800            1.1517650259 
  110.000            1.4643359966 
  110.200            2.7265272531 
  110.400            1.8170036020 
  110.600            1.0230260801 
  110.800            1.1484476574 
  111.000            1.0639406435 
  111.200            0.9279818193 
  111.400            1.0677828330 
  111.600            1.3312312466 
  111.800            3.2047296033 
  112.000            3.1095729043 
  112.200            1.0385901129 
  112.400            2.2274021447 
  112.600            2.4484256145 
  112.800            3.0825282333 
  113.000            3.1898480739 
  113.200            1.7568709892 
  113.400            2.9772271128 
  113.600            0.8586637948 
  113.800            1.3904379259 
  114.000            1.5829435966 
  114.200            1.1193970451 
  114.400            0.8680189561 
  114.600            2.6282892669 
  114.800            1.3482631767 
  115.000            0.9827911775 
  115.200            1.7973217439 
  115.400            1.7300856806 
  115.600            1.3787421604 
  115.800            2.5981461480 
  116.000            1.1428321673 
  116.200            2.8022770021 
  116.400            2.4732172596 
  116.600            2.5882568035 
  116.800            0.6556868992 
  117.000            0.9195456212 
  117.200            1.9161373197 
  117.400            1.1382833639 
  117.600            1.1825717607 
  117.800            0.6452986878 
  118.000            2.7155643587 
  118.200            1.9818907060 
  118.400            1.5469826541 
  118.600            0.8673186803 
  118.800            2.1712745963 
  119.000            2.4299688034 
  119.200            2.5197418278 
  119.400            3.4191380118 
  119.600            2.9783463482 
  119.800            1.3506610023 
  120.000            1.5729715726 
  120.200            1.8012850794 
  120.400            0.9847514247 
  120.600            1.8874296838 
  120.800            0.7806848145 
  121.000            1.6132840509 
  121.200            0.9887828278 
  121.400            1.4373987855 
  121.600            3.3303827061 
  121.800            3.4441196643 
  122.000            0.8038180822 
  122.200            2.8296176899 
  122.400            1.8742593970 
  122.600            1.0659650589 
  122.800            4.2503555371 
  123.000            3.7898803520 
  123.200            2.2847110107 
  123.400            1.5602714626 
  123.600            1.0544164662 
  123.800            1.2304262212 
  124.000            0.8927947832 
  124.200            0.9793049932 
  124.400            1.0045956381 
  124.600            1.0529991637 
  124.800            2.7066663621 
  125.000            3.2612689519 
  125.200            1.7519749656 
  125.400            1.0394512704 
  125.600            3.9155515810 
  125.800            1.3802747668 
  126.000            0.6192703393 
  126.200            0.8934586698 
  126.400            2.7926832749 
  126.600            0.8353615697 
  126.800            3.5240148824 
  127.000            3.4055550760 
  127.200            1.1798406515 
  127.400            2.3731109286 
  127.600            1.0584315450 
  127.800            0.8861098414 
  128.000            1.5659149497 
  128.200            2.4874312886 
  128.400            0.7084901852 
  128.600            1.5013578479 
  128.800            1.7231382768 
  129.000            1.0089856013 
  129.200            2.6227780544 
  129.400            1.9682028963 
  129.600            1.3368054285 
  129.800            1.0144699799 
  130.000            3.0641601987 
  130.200            3.2747639166 
  130.400            1.8230008501 
  130.600            1.5849059390 
  130.800            1.9588053636 
  131.000            1.6519475465 
  131.200            3.0326338216 
  131.400            1.3943828178 
  131.600            0.8359644136 
  131.800            1.7001556110 
  132.000            3.0905171330 
  132.200            2.8984145914 
  132.400            3.7035483471 
  132.600            3.8013708600 
  132.800            1.7235531585 
  133.000            3.0715689428 
  133.200            2.7944912518 
  133.400            1.3584578964 
  133.600            1.1616773458 
  133.800            1.2954837880 
  134.000            1.4836482462 
  134.200            1.4687062862 
  134.400            3.3997170802 
  134.600            3.5177723264 
  134.800            1.1000980644 
  135.000            2.8154822670 
  135.200            1.5710006018 
  135.400            1.3370953484 
  135.600            1.7207138310 
  135.800            3.1226854231 
  136.000            2.1526255003 
  136.200            1.9311955663 
  136.400            1.4976060984 
  136.600            2.6155005273 
  136.800            1.2939593869 
  137.000            3.8765738860 
  137.200            3.2251353649 
  137.400            1.1941159511 
  137.600            0.5529903355 
  137.800            2.0531064309 
  138.000            0.9251861412 
  138.200            1.1822301589 
  138.400            1.1796245092 
  138.600            1.8028546898 
  138.800            1.5146571947 
  139.000            1.1523022722 
  139.200            2.9077672451 
  139.400            1.9617934158 
  139.600            1.7752218845 
  139.800            0.8408411283 
  140.000            3.3329789856 
  140.200            1.8410678672 
  140.400            2.2487327123 
  140.600            0.7471962254 
  140.800            1.4851611086 
  141.000            0.7212974446 
  141.200            1.1721089618 
  141.400            1.3811679542 
  141.600            3.5946899851 
  141.800            1.7263245016 
  142.000            1.3244607890 
  142.200            2.1261418097 
  142.400            2.8417564417 
  142.600            1.2284789007 
  142.800            1.1754250868 
  143.000            1.0255279787 
  143.200            0.8132137300 
  143.400            2.2878894050 
  143.600            1.0378035197 
  143.800            1.4333044662 
  144.000            3.2506564507 
  144.200            1.3652524941 
  144.400            1.9240180585 
  144.600            0.9092637864 
  144.800            2.0283486135 
  145.000            1.4034908783 
  145.200            1.2359592600 
  145.400            1.4150758075 
  145.600            2.4814630996 
  145.800            2.9085887110 
  146.000            1.9765482648 
  146.200            0.9246432880 
  146.400            2.9121766999 
  146.600            1.5832899244 
  146.800            1.6962658870 
  147.000            1.0432616062 
  147.200            0.9745766777 
  147.400            3.2250064511 
  147.600            3.1538098357 
  147.800            2.2763233371 
  148.000            1.1748728427 
  148.200            1.7093227918 
  148.400            1.1062655863 
  148.600            0.8938199996 
  148.800            1.2342732400 
  149.000            1.3360616193 
  149.200            1.5052283453 
  149.400            2.8867295166 
  149.600            2.1251478240 
  149.800            1.6133451760 
  150.000            1.1847094341 
  150.200            1.5732906619 
  150.400            3.2276300187 
  150.600            3.7206040836 
  150.800            2.5041823697 
  151.000            1.3016475723 
  151.200            1.1506812889 
  151.400            1.0464374146 
  151.600            1.0646840645 
  151.800            2.6960671628 
  152.000            0.6679292631 
  152.200            1.1008088344 
  152.400            1.2891244247 
  152.600            1.3835289722 
  152.800            3.7974362310 
  153.000            2.6311603964 
  153.200            3.4167786729 
  153.400            3.0762051390 
  153.600            1.2051375701 
  153.800            2.5591552140 
  154.000            2.0860059662 
  154.200            1.3179627915 
  154.400            1.7797218718 
  154.600            0.9385489412 
  154.800            1.4406164340 
  155.000            1.3577198736 
  155.200            1.0814381405 
  155.400            1.5438242504 
  155.600            0.7866929889 
  155.800            1.6727596443 
  156.000            2.7796249211 
  156.200            2.4934437152 
  156.400            0.8724968495 
  156.600            1.4608637983 
  156.800            1.3218967323 
  157.000            1.7576274972 
  157.200            0.7268065835 
  157.400            1.1172380583 
  157.600            2.3805662904 
  157.800            4.4795214680 
  158.000            3.5832242338 
  158.200            3.1435294892 
  158.400            1.2356482562 
  158.600            1.5332011821 
  158.800            1.3188379740 
  159.000            1.9307016775 
  159.200            1.1070607374 
  159.400            0.6070026134 
  159.600            2.1293471262 
  159.800            1.2847635728 
  160.000            1.1762556612 
  160.200            2.6954375642 
  160.400            1.5582315117 
  160.600            1.0266720326 
  160.800            1.3868335658 
  161.000            1.0106932237 
  161.200            1.9934376794 
  161.400            1.7517207197 
  161.600            1.4381026677 
  161.800            1.1175229449 
  162.000            1.4937160239 
  162.200            1.4434383094 
  162.400            1.4940742956 
  162.600            0.9528615926 
  162.800            0.7904434673 
  163.000            2.6525000959 
  163.200            1.8036863773 
  163.400            1.6491043541 
  163.600            1.0825746291 
  163.800            1.0356723718 
  164.000            1.3709972995 
  164.200            1.0466788085 
  164.400            2.2588943375 
  164.600            3.8516333495 
  164.800            2.8870377130 
  165.000            0.5619189840 
  165.200            1.1354361235 
  165.400            1.2986295010 
  165.600            0.6847071833 
  165.800            3.7566855972 
  166.000            1.4815919087 
  166.200            0.7277236662 
  166.400            1.3758943351 
  166.600            3.0714165479 
  166.800            1.2898917018 
  167.000            3.4350314727 
  167.200            2.2390068860 
  167.400            2.9519324785 
  167.600            3.2621107174 
  167.800            1.9952516986 
  168.000            1.0473405165 
  168.200            0.7472027374 
  168.400            1.2672113483 
  168.600            2.8180652900 
  168.800            2.0124554290 
  169.000            3.4000574217 
  169.200            1.2257791939 
  169.400            1.4618252266 
  169.600            3.0599958147 
  169.800            1.0466928689 
  170.000            3.9108053841 
  170.200            1.1743396624 
  170.400            1.1348660322 
  170.600            0.6247553733 
  170.800            1.0196418943 
  171.000            1.2708816546 
  171.200            1.5599167313 
  171.400            0.8929699504 
  171.600            2.6122289985 
  171.800            3.2977018082 
  172.000            1.6991437531 
  172.200            2.3950382132 
  172.400            2.7159047828 
  172.600            2.2148858965 
  172.800            1.1754389596 
  173.000            1.6244918479 
  173.200            0.7846429672 
  173.400            0.5574960348 
  173.600            1.5286624347 
  173.800            4.1132695619 
  174.000            1.0344606756 
  174.200            2.0773584970 
  174.400            1.5075579524 
  174.600            3.9721591955 
  174.800            3.7982782290 
  175.000            1.2035776690 
  175.200            1.4115970856 
  175.400            0.7337258976 
  175.600            1.1365621529 
  175.800            3.4879589560 
  176.000            1.1078678065 
  176.200            1.2516158848 
  176.400            1.7050178086 
  176.600            3.0450553641 
  176.800            2.2888070469 
  177.000            1.6421785484 
  177.200            2.6341239666 
  177.400            3.8850329012 
  177.600            3.0593547805 
  177.800            0.9598321600 
  178.000            2.4328556512 
  178.200            1.3094129264 
  178.400            1.9891674695 
  178.600            1.0703701761 
  178.800            1.5883135403 
  179.000            2.8394487666 
  179.200            3.0622146888 
  179.400            1.0867201739 
  179.600            1.6303535453 
  179.800            3.1698447906 
  180.000            0.7076960744 
  180.200            1.5767791137 
  180.400            1.0217679903 
  180.600            0.8626936999 
  180.800            1.2667904107 
  181.000            1.9998028562 
  181.200            0.8043226899 
  181.400            2.9756465050 
  181.600            3.1210830430 
  181.800            2.2906970671 
  182.000            2.1887753415 
  182.200            0.7926494855 
  182.400            1.7058231955 
  182.600            1.2354396087 
  182.800            0.6400387002 
  183.000            3.0657306115 
  183.200            2.7468912548 
  183.400            1.1458691487 
  183.600            1.2872136598 
  183.800            2.1852293583 
  184.000            2.1475789335 
  184.200            2.4541511271 
  184.400            0.8215520074 
  184.600            2.8782981847 
  184.800            1.5935795361 
  185.000            2.0147703983 
  185.200            1.3256908270 
  185.400            1.5062607332 
  185.600            1.3526221069 
  185.800            1.2663057463 
  186.000            1.8856243157 
  186.200            3.4970194425 
  186.400            1.5596203244 
  186.600            2.4853637724 
  186.800            3.7328926338 
  187.000            2.2255534398 
  187.200            3.0751310871 
  187.400            1.6242478693 
  187.600            1.6099823019 
  187.800            1.0176532151 
  188.000            1.3531364136 
  188.200            2.6062166067 
  188.400            1.8314035612 
  188.600            1.8808729450 
  188.800            1.0964264162 
  189.000            2.9567916818 
  189.200            2.9508560510 
  189.400            1.3130861081 
  189.600            3.6854561110 
  189.800            2.1498783303 
  190.000            1.6591833468 
  190.200            1.9519215464 
  190.400            3.2407118563 
  190.600            1.8478113493 
  190.800            3.5607209862 
  191.000            3.3905301005 
  191.200            1.5761589036 
  191.400            1.2645850244 
  191.600            1.7488137240 
  191.800            1.3746231019 
  192.000            1.4586697067 
  192.200            1.1702873556 
  192.400            0.9265264800 
  192.600            1.2557656329 
  192.800            1.7560778387 
  193.000            1.6554155953 
  193.200            1.2724703060 
  193.400            0.9737463524 
  193.600            0.8707418240 
  193.800            3.7801799929 
  194.000            0.8482393200 
  194.200            3.4803588958 
  194.400            3.5553277356 
  194.600            2.6416252506 
  194.800            3.5675894450 
  195.000            1.3550429849 
  195.200            1.5828301126 
  195.400            1.1234259027 
  195.600            2.7675983418 
  195.800            0.9203823313 
  196.000            2.7792796359 
  196.200            2.4018503174 
  196.400            1.3292640216 
  196.600            1.1492990552 
  196.800            1.1858864173 
  197.000            0.5378967688 
  197.200            1.3656632423 
  197.400            2.6448413178 
  197.600            0.9395079822 
  197.800            3.2076619261 
  198.000            0.6007488761 
  198.200            1.8367403673 
  198.400            1.0638987120 
  198.600            1.1220599382 
  198.800            1.1703641392 
  199.000            1.2023797685 
  199.200            3.0069255912 
  199.400            2.5586313596 
  199.600            0.8344562523 
  199.800            3.6524921829 
  200.000            2.5286338774 
